36.31 12.89 3.45 18.98 83.24 3.81 27.01 54.06 62.49 38.74 88.58 7.86 59.47 99.66 45.33 23.0 7.4 52.55 21.65 47.37 53.47 73.6 60.85 13.77 77.09 5.85 52.33 21.64 63.37 33.36 57.1 66.27 24.39 15.05 18.67 75.6 95.02 67.59 92.79 15.52 58.52 36.64 23.72 3.43 8.07 13.11 62.43 61.16 94.89 69.32 90.93 73.1 6.25 3.13 73.44 14.95 57.56 22.16 90.93 60.35 25.12 32.34 88.83 3.33
96.97 15.96 21.66 37.0 50.44 7.11 60.62 86.32 31.18 0.93 51.19 46.54 14.36 87.45 50.98 36.67 61.24 17.23 50.66 9.54 35.71 77.1 25.14 1.47 24.0 12.7 51.54 25.49 50.15 96.48 50.06 98.1 2.7 35.07 77.06 19.31 70.77 32.55 54.69 75.35 13.85 40.14 74.6 63.18 73.78 49.57 25.26 45.99 36.17 12.93 94.75 73.71 83.29 70.63 52.5 16.92 16.52 44.99 56.33 63.94 72.19 30.22 85.14 12.72
65.71 93.45 17.63 82.16 10.81 50.14 0.58 42.7 52.05 0.98 28.85 4.48 74.51 65.59 19.52 83.62 59.78 89.44 48.39 51.33 26.95 86.68 38.71 49.13 0.67 58.07 91.85 10.77 46.3 55.01 0.72 99.52 97.8 33.39 69.8 26.11 44.01 58.93 56.8 13.85 50.27 56.03 43.34 86.24 48.32 86.05 46.04 32.55 76.28 0.05 8.89 41.02 71.56 69.81 7.98 85.81 84.73 72.93 71.22 25.49 11.82 49.36 0.63 89.8
69.98 73.34 44.58 13.5 44.68 42.99 9.88 30.66 19.5 10.59 89.74 70.37 92.47 8.14 85.64 48.15 41.57 76.63 64.28 3.17 83.73 87.66 1.04 3.02 22.29 22.45 42.41 9.77 56.94 41.5 57.67 27.51 64.14 46.93 37.37 25.52 59.27 23.66 80.54 99.1 11.2 10.67 25.86 17.89 90.15 11.45 90.72 39.16 14.61 94.04 91.04 79.79 55.58 60.82 54.13 25.27 6.83 54.11 51.42 69.25 31.19 43.85 60.91 77.14
96.73 52.92 0.56 93.54 73.33 68.76 59.65 73.58 91.44 70.89 12.0 16.78 48.09 11.93 87.19 37.95 90.5 61.84 89.58 77.15 50.13 10.13 62.35 3.21 73.41 43.55 83.6 75.19 17.46 84.9 54.69 76.82 14.84 62.87 47.78 51.49 42.93 51.94 31.28 7.06 15.16 14.75 43.89 73.77 93.51 18.14 98.27 45.86 59.68 30.0 62.75 54.82 84.44 69.71 11.09 42.19 35.34 81.16 58.25 26.79 1.63 99.15 41.27 12.67
40.12 28.07 25.52 8.89 74.57 79.75 95.67 69.79 59.64 33.61 3.7 84.74 65.8 51.83 71.88 2.52 55.39 38.89 52.21 51.93 35.99 82.69 87.75 74.48 31.09 49.22 7.36 50.06 92.73 48.86 99.13 88.18 76.23 43.26 62.14 2.62 44.76 28.69 49.13 26.25 13.74 54.75 70.61 15.57 48.74 11.8 63.33 73.43 91.55 90.15 51.11 19.94 83.39 3.13 64.01 7.36 44.08 12.75 0.83 21.1 79.2 5.48 22.36 37.12
25.45 70.88 44.24 99.49 20.44 34.44 31.95 18.87 35.65 54.64 79.17 36.8 39.75 78.85 79.43 75.44 6.71 5.56 21.4 65.06 60.5 41.49 34.57 90.64 48.87 94.5 26.51 0.81 21.15 24.79 61.36 81.3 78.84 63.13 29.86 50.82 74.74 52.54 44.8 86.39 3.99 71.22 53.18 56.48 76.47 95.01 52.95 9.81 78.37 92.19 94.67 61.61 74.38 96.79 40.3 38.68 76.6 88.38 93.07 49.34 23.83 35.23 37.74 87.95
72.58 2.96 34.63 89.55 15.11 11.92 23.67 48.95 11.18 86.83 39.76 42.32 88.55 83.44 94.83 93.46 82.06 88.81 88.76 50.24 36.84 57.26 49.22 18.42 51.46 42.87 9.86 44.23 17.51 60.89 74.71 17.8 62.45 36.01 68.51 28.43 50.42 76.86 29.46 81.89 8.94 53.81 79.59 19.34 83.24 3.01 60.45 78.53 28.46 11.79 80.62 69.72 49.28 26.42 72.89 58.4 80.58 41.04 82.01 49.79 59.93 62.29 2.12 90.05
31.4 37.99 32.4 70.24 46.69 96.15 67.11 2.84 75.7 10.59 2.94 36.42 85.54 82.25 52.43 73.55 45.18 31.97 79.28 84.4 4.71 64.02 62.8 1.47 72.33 68.35 52.21 79.2 66.11 41.74 20.57 96.88 71.93 71.89 85.4 55.2 71.55 53.3 97.45 7.12 24.77 96.25 60.56 82.21 89.01 53.84 8.43 9.52 25.8 46.93 0.2 11.9 40.52 25.4 97.97 76.14 62.2 17.68 68.08 27.53 16.58 15.54 62.09 72.55
40.35 12.68 23.12 57.03 16.52 75.6 91.31 51.36 45.39 62.55 56.0 93.89 32.67 67.19 73.46 81.55 30.76 49.15 44.08 81.84 90.89 93.19 24.91 73.66 75.11 66.51 71.58 85.45 86.58 6.54 37.76 12.23 20.45 73.68 33.7 75.55 16.08 60.39 46.42 52.6 38.23 94.97 26.12 83.41 32.5 11.43 83.93 57.23 44.15 68.34 14.45 19.65 68.94 78.94 17.16 62.68 24.0 62.25 88.86 29.21 95.47 74.63 31.56 1.27
22.05 88.93 60.95 0.35 3.29 61.01 26.32 31.75 32.34 95.28 2.89 26.79 27.19 35.89 1.19 51.64 41.81 35.03 3.27 12.7 83.12 64.32 47.36 49.15 58.37 25.18 55.6 80.69 28.0 0.44 1.16 22.7 19.07 27.68 91.13 40.49 85.02 81.08 50.38 28.99 71.58 17.1 60.04 40.14 85.28 11.43 73.77 67.31 9.83 73.4 31.15 27.52 21.38 55.93 42.3 11.27 11.24 91.91 46.96 42.99 77.51 57.03 93.77 21.43
12.04 21.32 28.49 70.1 24.56 54.24 5.64 53.46 39.78 27.97 41.49 44.94 92.8 64.44 4.31 97.8 75.61 35.89 36.68 42.15 93.05 45.43 82.64 19.19 72.11 73.5 34.58 27.6 77.22 25.88 60.65 7.39 50.92 87.63 34.39 72.63 37.53 30.18 15.86 57.07 79.7 82.65 92.48 72.02 66.51 2.2 74.38 83.95 42.18 45.82 88.16 86.49 49.86 87.54 57.7 62.88 66.54 79.71 27.9 19.45 67.44 80.58 6.83 62.3
4.0 50.86 47.42 29.94 0.62 24.65 46.03 89.97 71.79 76.18 29.79 66.19 84.09 32.94 42.72 85.07 7.33 70.87 32.5 66.31 29.34 37.59 5.57 82.88 60.09 63.08 40.18 92.43 89.28 58.54 91.52 6.59 50.0 51.07 6.69 8.06 28.69 74.5 55.65 6.82 89.28 27.31 21.99 22.18 66.21 94.75 57.59 49.61 15.7 84.92 31.86 26.0 47.76 75.77 51.53 55.47 62.95 5.17 64.18 4.6 20.73 34.86 36.31 9.33
24.82 15.26 19.03 74.92 46.24 80.59 17.41 20.02 72.07 93.38 1.47 34.25 26.9 87.62 65.75 62.34 81.4 50.36 41.04 89.45 82.98 75.53 19.03 87.18 88.33 35.45 85.29 30.12 51.28 84.61 44.48 36.82 47.07 54.01 63.97 38.83 82.36 36.05 0.46 99.13 70.4 0.16 35.85 18.31 99.93 9.96 67.63 44.84 89.98 62.19 62.88 77.83 38.52 56.0 55.28 11.59 89.91 2.77 45.38 33.6 25.27 32.52 70.53 98.62
53.01 25.41 31.64 22.87 32.9 44.46 57.81 6.61 68.31 30.58 76.53 42.89 90.68 63.35 49.55 66.13 33.56 63.79 81.95 24.78 65.11 51.34 22.95 9.3 99.76 20.02 57.15 21.11 17.32 28.68 2.72 22.96 62.38 34.41 55.76 47.77 34.45 80.16 70.47 8.63 87.67 11.92 72.11 83.32 28.84 28.19 84.91 29.45 2.71 4.71 25.08 68.58 93.37 0.98 97.29 87.84 11.44 27.42 2.73 30.22 62.22 11.95 5.65 32.55
23.56 98.84 26.32 90.21 31.33 21.21 56.27 1.35 76.38 89.12 87.83 70.6 45.53 43.64 81.85 22.43 86.93 44.46 56.34 64.68 67.28 70.57 99.54 9.75 12.76 95.76 21.83 58.88 22.34 51.19 43.43 99.16 33.15 96.41 63.38 29.69 77.51 24.39 32.75 50.68 19.51 59.87 37.51 40.4 24.0 10.83 90.37 53.7 38.97 36.15 97.68 11.77 33.02 81.82 10.48 27.24 7.48 57.3 39.82 35.74 13.9 73.78 11.79 3.67
82.46 99.94 88.66 53.89 16.28 43.66 39.39 89.63 23.93 24.83 76.31 43.1 22.41 19.81 28.82 16.36 47.24 88.6 85.99 56.53 98.74 26.27 24.12 72.66 49.4 52.39 20.45 95.76 49.97 60.69 27.43 81.48 29.55 40.92 71.44 48.17 85.03 25.8 78.63 2.56 91.61 72.9 50.24 28.69 76.38 47.62 78.23 95.08 50.47 68.68 94.52 57.79 5.8 8.79 22.62 24.03 29.51 86.94 94.86 69.52 2.38 75.23 71.38 85.93
29.62 2.62 38.26 89.44 27.66 7.71 36.14 89.39 45.75 54.63 69.18 83.19 21.36 44.0 26.39 63.58 90.39 33.61 3.17 37.67 83.3 42.91 50.78 89.02 30.07 77.92 76.82 3.92 82.85 95.44 69.89 59.97 84.55 59.27 88.4 23.95 82.53 60.46 97.03 46.52 11.22 73.18 2.47 15.55 88.74 69.98 53.36 37.01 30.72 89.4 2.0 40.11 34.24 93.25 38.78 66.32 37.41 3.01 79.76 23.25 94.25 69.17 77.51 83.66
68.01 65.42 37.12 52.94 48.35 79.54 98.42 55.38 52.36 81.39 41.9 49.06 4.33 13.07 89.61 78.27 17.28 45.14 46.93 33.51 89.0 20.28 77.48 87.9 20.49 46.59 30.85 56.14 35.31 36.46 66.14 4.66 20.45 59.84 52.14 41.95 48.19 50.24 64.1 23.06 81.32 11.8 38.81 86.14 78.71 81.68 61.0 13.71 92.24 23.39 84.63 44.29 81.71 67.13 48.78 61.83 19.48 36.31 69.86 75.99 75.37 63.45 78.77 25.36
58.25 92.5 56.09 11.73 44.79 58.88 19.05 5.48 47.57 24.64 95.16 97.85 67.58 65.25 23.62 7.6 59.62 94.05 57.68 92.52 9.08 36.81 11.3 21.13 46.95 51.82 86.09 16.54 13.5 18.48 50.38 93.3 32.03 86.6 79.71 10.37 33.91 82.17 2.03 54.72 67.0 97.34 76.65 40.67 47.13 45.06 15.2 38.24 48.91 84.86 43.6 43.24 17.09 95.34 16.86 28.97 86.53 47.04 67.78 33.46 56.36 49.32 91.14 60.14
15.78 88.4 45.92 13.95 37.85 24.52 48.65 9.2 25.0 84.54 46.21 45.63 28.13 1.2 13.99 28.47 38.67 27.75 61.87 71.06 13.94 51.8 65.03 28.58 74.24 33.93 90.9 76.02 85.53 93.69 32.03 55.57 98.4 27.37 74.33 12.78 21.12 10.19 95.29 99.41 99.87 95.23 57.19 53.35 18.69 70.83 11.66 22.54 84.34 62.26 64.34 68.46 24.83 42.46 0.96 7.71 70.99 48.2 63.76 58.87 65.19 90.39 37.52 17.74
58.13 57.38 61.27 14.19 24.83 8.73 73.35 43.41 84.24 61.87 8.72 54.41 68.24 75.51 1.6 35.65 36.38 61.47 3.84 55.55 2.55 88.17 91.12 99.83 13.36 39.62 0.2 23.52 69.61 84.77 31.27 37.97 53.17 31.86 51.4 10.78 4.2 65.22 87.41 95.85 88.69 14.81 29.14 62.24 95.75 40.21 26.14 2.2 54.2 19.82 45.11 94.79 86.4 6.99 36.03 81.69 66.83 57.12 51.54 91.61 81.04 68.99 4.92 28.52
46.76 81.51 52.05 8.67 18.62 53.19 4.69 22.92 8.75 26.42 76.86 18.64 92.32 47.65 28.02 59.36 90.83 1.06 29.39 50.51 47.14 73.59 58.11 31.93 29.77 67.86 35.34 95.65 31.47 89.87 16.03 39.9 86.81 19.71 16.78 71.89 42.79 46.4 59.3 4.21 41.36 51.02 1.74 41.69 4.44 22.54 1.41 17.37 61.26 91.27 21.2 36.51 70.33 89.29 52.21 26.43 69.88 44.13 24.23 93.18 45.15 66.38 14.79 89.62
5.62 40.06 82.26 45.12 7.24 72.17 58.54 55.09 17.52 71.18 17.18 66.5 0.21 49.64 85.19 10.38 62.26 28.48 73.83 78.2 4.3 30.34 12.52 94.35 94.06 48.58 76.32 45.61 76.79 79.43 58.97 53.77 98.43 65.69 29.76 75.14 15.12 62.0 33.49 28.13 13.52 80.85 51.68 74.14 36.95 88.59 26.81 81.96 10.65 61.77 23.0 77.67 14.99 85.74 6.83 92.84 20.93 1.84 4.48 52.07 76.46 70.24 10.49 27.7
34.72 62.65 41.68 75.33 14.54 63.81 29.71 81.7 29.1 28.62 64.22 56.51 33.4 16.14 4.74 14.36 34.53 28.08 88.12 26.93 47.03 25.98 33.58 80.72 97.49 30.45 50.38 9.0 52.71 91.8 14.43 11.51 26.91 1.24 71.26 73.47 65.13 37.37 59.76 23.38 26.59 4.17 68.22 38.5 70.34 97.06 6.42 59.97 66.72 25.38 77.99 72.71 89.0 96.67 34.46 71.34 60.0 38.04 30.03 72.1 5.16 32.13 38.76 86.91
63.28 37.52 0.95 40.03 32.03 98.07 62.95 80.81 82.86 90.39 55.55 26.09 8.85 70.33 6.98 21.74 32.28 98.64 43.6 88.89 98.96 53.97 88.09 8.68 0.1 66.53 20.43 25.81 27.1 50.16 38.17 54.46 77.56 25.17 28.29 35.17 21.4 64.12 15.74 50.22 59.83 20.61 44.6 78.33 99.37 42.81 32.52 44.63 58.19 4.77 24.66 31.3 11.23 30.69 45.6 89.64 95.02 54.62 69.66 59.77 59.44 96.44 86.86 83.98
52.59 58.18 8.66 42.42 75.38 89.09 60.19 13.99 3.41 41.16 13.49 25.84 31.83 27.38 47.2 8.36 38.18 68.38 19.43 17.37 75.71 82.51 16.6 53.32 82.78 52.49 61.11 5.86 31.09 86.13 82.44 17.88 92.03 16.95 73.54 27.61 96.82 59.59 19.02 12.51 79.16 3.61 72.44 21.14 38.57 32.35 2.67 77.97 21.5 60.94 13.26 69.08 26.06 81.12 39.55 68.89 80.57 48.27 36.91 53.21 72.24 57.19 11.83 9.29
67.71 14.21 73.26 58.63 15.31 30.35 36.88 73.15 54.17 41.9 74.7 22.61 6.58 36.93 59.47 14.17 28.66 77.81 92.4 91.17 73.1 51.25 24.11 28.54 4.86 98.14 30.26 31.56 89.56 37.79 71.45 10.05 81.36 58.46 89.34 9.27 60.17 76.35 14.21 26.41 49.46 60.74 63.71 5.12 92.12 44.84 77.76 74.46 16.67 21.98 21.16 98.56 31.24 42.95 68.06 20.98 45.67 87.47 27.05 17.86 85.45 44.58 22.2 43.0
51.66 31.81 23.96 28.44 61.68 19.44 91.71 57.6 80.12 17.42 88.68 42.18 80.56 4.53 1.56 24.4 45.38 14.47 97.73 36.57 54.85 40.42 64.32 45.49 81.88 50.81 52.2 44.93 32.34 97.7 97.42 48.5 80.58 53.34 47.84 69.06 58.05 19.95 53.46 31.17 46.95 21.61 22.82 59.75 29.49 48.77 84.99 1.87 66.04 70.74 75.99 46.57 4.25 15.97 67.67 78.01 90.1 10.07 60.57 29.74 84.58 80.69 89.24 10.67
43.37 64.49 28.03 69.18 85.3 99.61 33.6 96.97 0.7 70.01 57.92 91.14 16.72 4.59 58.11 25.92 2.8 36.59 62.24 21.99 25.66 85.74 9.04 48.94 52.22 6.3 44.68 58.58 38.22 98.46 67.33 65.23 54.53 44.88 55.46 4.35 24.01 98.3 19.88 17.6 63.58 38.55 71.22 14.51 6.44 63.27 73.55 26.07 53.99 90.26 88.65 88.96 63.9 14.9 4.71 75.49 91.38 1.65 38.38 97.89 38.16 11.43 67.81 1.22
44.72 6.12 60.03 56.69 35.26 24.35 1.2 41.94 12.76 85.43 61.74 6.39 44.86 77.85 76.08 84.75 34.44 31.0 29.65 14.24 92.1 30.8 82.37 26.19 9.6 33.96 6.74 80.35 90.37 33.85 83.88 35.38 0.01 77.83 9.12 92.05 49.97 48.82 87.12 5.34 1.89 29.48 91.94 51.64 52.1 65.24 69.33 0.77 6.33 83.44 60.75 38.58 32.89 16.92 61.47 97.47 9.63 3.21 97.86 86.96 9.87 44.68 44.3 29.78
53.36 35.85 79.13 48.71 53.76 66.96 5.61 54.14 59.19 29.96 56.89 56.61 61.96 30.77 59.16 63.58 20.28 89.77 43.08 23.93 72.97 43.96 21.48 68.37 94.99 34.83 87.25 99.02 13.47 6.0 5.74 81.76 3.82 30.53 57.02 16.93 86.01 54.58 62.35 78.08 25.41 46.71 75.7 33.5 31.92 70.23 20.83 6.96 95.27 78.39 25.4 22.89 28.99 37.75 55.85 21.81 97.08 26.62 18.68 70.43 21.68 82.49 90.93 1.45
94.03 86.78 26.25 47.25 58.22 35.54 47.01 3.89 92.6 16.13 65.41 71.69 97.1 91.76 96.28 96.87 87.63 64.19 13.07 2.49 28.79 13.63 92.04 42.85 55.13 4.49 26.17 6.96 70.56 37.09 91.1 69.35 61.34 68.96 13.97 59.45 71.5 84.5 29.44 68.54 65.35 25.78 65.39 16.95 34.81 85.59 33.39 76.15 95.17 90.33 73.75 92.61 16.07 13.82 3.29 50.33 71.74 23.54 7.53 30.77 79.19 35.04 53.72 85.11
92.6 6.21 77.29 37.84 62.25 39.17 72.06 35.65 59.66 88.14 56.51 38.43 11.15 35.9 14.91 82.18 86.1 34.8 55.51 92.03 93.91 91.64 26.82 34.24 48.65 95.77 53.86 49.2 71.15 16.35 95.17 70.81 22.56 78.71 80.24 80.98 30.77 50.02 3.81 75.74 3.1 95.38 95.34 61.31 48.88 6.32 19.87 38.3 88.11 61.97 98.18 21.14 71.66 35.41 44.81 7.21 25.73 16.17 36.89 52.65 70.75 36.71 71.6 33.73
44.14 37.15 4.59 4.05 35.73 50.82 25.28 6.78 71.0 55.67 61.82 70.73 38.56 78.08 95.25 54.22 43.11 64.1 53.9 73.46 66.68 75.76 16.86 43.13 95.38 62.26 23.33 93.76 10.85 10.42 23.2 12.85 78.15 81.14 83.67 84.88 2.11 78.94 61.57 62.93 56.77 24.0 7.27 69.74 36.81 43.7 70.46 20.38 47.5 29.32 85.4 74.64 27.68 79.17 16.91 73.67 10.13 61.18 59.35 25.87 55.31 50.24 93.05 86.82
50.47 79.65 55.3 60.62 27.66 34.76 42.07 21.25 29.46 61.21 1.19 70.62 10.07 94.36 31.89 97.5 75.15 65.77 41.68 59.17 60.3 34.06 28.4 28.75 60.26 38.56 1.22 6.41 1.95 29.91 64.32 6.04 82.53 86.37 59.22 32.16 98.48 73.51 13.9 71.03 88.87 27.05 89.17 11.45 6.4 6.27 82.24 40.94 87.54 97.95 82.97 43.42 20.91 9.59 26.95 49.11 25.37 15.65 23.71 40.36 17.14 65.87 86.06 13.22
21.38 39.09 99.05 78.05 18.09 50.12 35.78 67.4 58.06 16.42 44.14 23.42 91.31 60.48 7.38 64.57 46.39 16.4 70.82 64.32 69.88 93.42 9.73 83.81 75.94 87.6 49.34 31.38 44.91 46.78 46.81 95.57 18.01 32.68 35.78 1.77 98.63 7.65 95.69 8.81 76.26 10.19 58.03 40.77 65.28 13.1 47.39 11.95 49.05 75.91 55.5 33.13 47.3 47.88 43.0 40.74 41.98 64.47 9.02 26.03 77.6 33.49 12.33 50.69
53.24 60.27 55.37 6.23 53.18 24.64 58.46 69.37 77.43 93.77 66.62 4.25 42.41 35.44 59.33 64.98 39.12 53.83 82.31 60.56 9.12 22.14 91.44 13.01 40.93 68.38 86.14 17.68 41.93 19.3 18.22 55.53 20.59 74.94 56.14 80.01 99.62 95.49 92.95 67.38 27.27 48.45 90.14 42.89 25.9 45.96 51.38 25.77 69.53 95.55 16.11 88.0 90.34 68.41 72.1 19.21 4.0 40.25 1.66 87.78 0.97 16.35 13.18 26.77
30.83 85.03 83.41 91.34 47.61 10.94 65.94 79.51 64.91 4.6 8.8 93.08 38.41 65.48 97.71 47.92 30.14 58.76 89.63 79.66 78.45 68.17 57.95 49.52 28.22 18.7 47.05 93.21 63.92 2.33 94.07 99.46 74.43 31.89 54.17 85.06 16.69 44.23 59.99 94.48 88.53 2.5 26.28 50.92 86.25 91.31 10.13 25.1 66.08 59.04 64.46 55.74 6.32 74.93 62.23 94.12 38.82 60.63 78.01 92.12 49.36 53.92 77.55 40.11
72.84 78.5 17.89 69.14 69.71 21.38 68.95 77.61 78.26 45.21 65.84 57.8 80.4 21.12 61.52 38.79 63.04 23.72 18.75 53.12 94.09 50.73 37.94 76.06 80.7 35.27 70.45 42.54 22.48 32.06 86.93 93.17 69.38 6.08 30.36 61.07 69.33 84.39 95.35 10.94 25.58 45.54 78.06 26.35 87.67 1.07 95.61 42.81 67.62 9.46 43.03 60.78 20.5 74.66 27.68 69.9 87.58 91.95 54.21 56.48 88.19 11.11 26.78 29.49
10.87 82.51 98.72 67.44 16.59 44.05 37.65 33.34 55.77 7.54 95.16 64.41 84.23 90.72 59.61 68.23 76.71 33.79 29.74 97.75 47.3 7.33 22.86 52.54 28.21 23.7 83.08 18.73 30.75 84.0 28.94 14.36 12.26 1.98 51.06 72.43 72.68 29.15 68.07 92.1 70.95 66.32 29.85 89.25 16.69 72.12 45.89 62.8 77.35 8.32 81.78 63.24 78.52 88.27 50.14 84.3 66.81 62.38 4.73 34.82 58.94 93.65 71.14 39.77
41.94 1.81 3.32 81.89 96.45 52.67 18.13 12.8 43.12 62.39 79.63 82.66 47.51 51.09 31.24 5.46 40.4 2.11 20.21 12.01 2.16 50.79 50.78 39.81 62.13 40.59 67.85 19.78 76.39 70.1 36.82 25.89 35.39 75.85 27.0 52.01 26.2 72.11 33.19 1.03 58.45 97.52 55.52 91.95 77.36 84.63 40.62 24.56 7.28 33.43 75.07 59.25 1.65 39.06 27.15 46.51 32.96 60.25 44.38 3.7 94.26 76.79 81.99 94.96
29.52 35.42 84.21 86.32 12.83 14.64 16.01 21.0 8.14 96.15 80.01 50.95 58.46 40.47 48.28 31.4 75.73 48.73 76.43 98.59 31.24 1.48 54.15 58.63 37.56 66.01 89.95 0.75 53.84 64.64 53.31 9.46 37.51 48.94 4.93 75.12 53.52 23.8 94.73 86.94 75.38 58.74 54.65 65.29 44.39 37.17 0.47 58.86 77.04 16.86 24.38 50.2 29.41 59.35 97.91 49.21 76.66 83.46 71.82 68.64 49.31 83.51 34.96 26.84
46.53 24.73 58.89 83.62 98.37 60.08 42.28 8.43 9.72 98.62 38.83 89.02 20.71 92.27 52.54 84.46 84.47 43.29 88.29 67.8 59.94 65.06 75.26 44.18 25.31 55.32 40.6 49.05 34.43 14.86 61.75 30.96 31.09 25.41 49.65 27.58 70.44 98.8 6.92 23.27 7.22 78.79 0.44 71.45 97.41 41.96 31.46 71.31 54.9 77.47 83.85 51.13 19.73 32.02 39.97 78.32 48.14 10.12 83.91 25.76 44.02 27.0 87.64 35.36
2.23 27.83 7.45 76.23 25.19 63.25 43.65 55.28 66.76 21.69 78.56 91.05 61.05 10.28 78.87 56.61 48.88 80.27 79.9 9.47 13.82 92.79 14.64 1.44 97.2 57.21 22.16 72.33 65.56 40.57 0.65 67.48 29.4 69.64 7.23 59.68 18.69 47.13 46.37 82.69 70.58 28.96 93.57 92.62 97.88 64.54 36.84 49.61 81.3 58.9 84.03 78.2 2.5 73.99 31.86 98.8 79.62 30.06 8.52 94.59 56.01 93.15 94.9 54.46
97.83 55.45 35.49 79.23 90.01 62.07 80.84 79.44 9.01 98.06 42.61 70.47 4.32 72.34 74.71 7.56 11.28 29.45 21.1 28.49 69.68 99.45 95.75 42.12 66.53 81.38 56.21 14.61 7.57 50.41 11.58 32.82 29.71 2.31 8.94 70.35 26.73 43.67 10.21 86.54 16.4 15.38 93.07 95.13 60.16 8.9 18.73 84.11 35.3 52.51 5.02 56.43 73.64 99.83 8.36 69.53 68.98 75.78 48.72 2.72 33.92 71.0 78.07 19.9
16.4 75.47 29.55 13.76 27.54 64.21 40.27 87.4 58.74 42.1 5.56 31.86 50.56 76.57 63.47 51.6 92.34 47.31 45.88 45.86 52.03 95.36 58.56 59.86 59.88 56.27 2.42 73.49 52.87 31.27 28.55 63.0 7.29 92.49 23.25 45.17 65.19 94.66 5.31 92.73 64.87 82.42 46.88 12.02 40.57 54.82 83.12 92.42 73.56 80.94 81.5 56.86 47.77 12.06 16.71 3.94 34.3 23.94 57.89 24.62 12.31 21.62 67.44 36.61
66.79 99.49 94.96 35.39 7.85 49.52 66.92 3.59 9.84 95.97 91.75 49.83 90.62 10.05 52.21 25.35 0.4 11.07 69.75 58.41 70.86 57.85 76.0 88.24 50.99 68.35 8.45 12.52 8.37 95.68 83.82 2.74 53.1 80.29 7.52 75.54 49.26 4.24 60.06 76.2 62.35 22.56 88.48 95.89 86.09 96.12 8.94 17.92 3.41 0.49 32.71 7.63 25.82 50.71 23.51 5.03 99.84 15.6 65.57 48.89 46.69 41.81 65.05 66.56
68.56 98.78 41.62 73.69 72.67 37.05 99.2 99.14 40.25 7.08 33.95 23.63 41.56 7.42 40.7 90.93 58.04 83.89 14.34 35.22 3.43 68.19 41.82 91.5 89.44 96.93 5.36 93.75 91.99 52.24 24.44 91.58 91.3 79.71 16.81 49.2 88.32 13.87 8.13 26.19 96.52 45.56 10.78 23.56 45.48 70.9 33.44 6.71 83.44 40.81 7.24 64.66 70.72 22.08 58.38 97.15 14.83 70.24 59.55 33.44 26.33 31.28 12.37 46.55
16.13 13.88 64.18 96.55 44.21 95.63 30.04 51.08 20.4 75.94 39.16 29.3 40.06 34.12 67.35 8.5 46.19 82.19 50.52 52.76 37.07 90.67 71.48 21.53 88.65 73.75 98.72 83.3 0.59 73.05 69.78 66.1 24.16 19.19 51.55 35.06 61.3 70.64 97.83 8.43 20.59 7.07 70.84 61.08 51.45 22.59 27.57 41.08 58.61 11.08 1.42 59.25 81.02 0.7 96.43 83.33 84.24 15.55 6.61 53.52 49.58 45.53 49.89 42.0
3.67 52.5 52.13 89.04 44.37 40.29 31.85 21.78 83.1 4.32 94.73 69.71 39.01 71.67 10.72 39.33 43.31 4.81 12.21 10.6 18.44 99.67 97.78 41.54 89.44 55.27 43.36 0.97 84.1 35.86 90.89 5.52 52.46 70.29 10.13 14.9 40.93 53.96 50.68 33.98 6.68 16.54 83.99 71.93 75.0 78.41 13.11 78.45 24.05 81.19 48.31 9.67 95.22 46.36 85.6 79.41 80.43 4.35 62.33 3.28 36.9 31.35 7.43 85.55
96.7 64.5 13.0 28.43 25.24 32.82 23.36 33.82 62.1 3.89 49.01 99.31 83.99 80.44 87.63 14.39 6.58 33.79 32.27 55.11 39.68 40.52 47.65 79.55 19.34 7.58 11.02 28.1 40.89 30.57 59.0 81.74 26.34 24.65 76.84 86.33 97.4 70.39 65.43 76.98 91.09 51.39 98.71 49.32 17.17 66.52 95.43 32.1 91.95 82.57 50.13 82.67 27.78 88.93 49.82 12.11 12.4 29.93 10.46 43.04 74.3 22.32 75.69 93.27
49.14 1.78 65.56 92.42 26.62 19.77 9.75 46.96 78.43 61.02 70.16 24.51 12.46 19.69 95.16 94.04 75.32 0.67 2.12 79.27 45.98 8.82 42.46 98.67 67.1 19.36 38.31 32.54 81.85 74.16 45.02 59.8 23.58 57.63 53.49 73.49 98.13 54.88 76.18 7.57 39.77 63.52 35.22 55.15 50.98 7.68 49.33 64.11 63.29 48.89 32.66 23.6 75.0 90.71 29.01 86.66 78.88 12.44 1.38 75.48 46.93 13.43 89.52 31.1
23.58 7.16 35.27 9.65 58.57 43.52 18.91 17.51 50.43 43.46 47.78 45.14 5.42 91.76 59.92 48.15 46.49 8.57 60.74 99.18 46.08 30.25 98.25 7.62 50.79 13.45 88.23 58.91 14.79 9.05 52.98 28.98 34.78 42.7 12.07 55.39 19.83 60.04 92.59 68.35 59.34 4.24 65.04 31.68 63.63 79.88 55.52 24.35 32.11 1.43 2.77 18.87 58.43 57.0 38.37 37.06 55.79 58.35 16.58 5.73 60.26 95.78 90.26 84.11
31.25 25.4 7.6 38.44 77.07 5.85 10.86 37.28 68.62 97.6 97.18 18.54 52.58 32.58 84.59 57.28 94.8 86.33 2.02 77.82 30.23 63.22 44.37 5.87 48.65 73.28 44.5 39.45 5.95 12.99 79.82 36.86 85.0 91.96 96.18 26.83 94.65 82.33 42.31 83.33 67.27 55.47 43.34 43.32 97.21 65.37 9.49 76.98 55.29 30.43 20.26 34.6 23.28 52.71 63.64 18.36 27.06 61.98 37.57 6.57 55.96 24.14 7.19 21.27
84.71 3.37 42.95 27.98 49.61 7.25 74.54 88.45 29.2 78.74 84.7 11.46 57.54 15.86 1.6 29.68 94.15 42.29 77.8 30.0 68.36 70.2 98.31 20.46 28.72 5.63 47.44 77.85 31.58 0.1 40.22 8.61 0.42 45.72 48.5 46.18 32.06 95.87 56.47 12.31 6.43 41.65 72.64 80.97 43.02 89.8 9.84 10.19 57.37 19.54 96.46 66.06 21.15 62.97 8.98 2.44 94.64 90.2 9.29 36.08 79.49 60.24 83.85 89.41
54.54 66.5 33.96 67.95 49.95 54.28 4.99 68.23 82.71 32.22 66.75 20.58 94.34 2.14 84.87 91.58 71.98 68.72 97.9 50.81 53.41 13.87 61.31 13.91 65.34 44.7 59.83 84.47 73.56 22.7 75.03 93.43 54.08 88.29 83.36 47.31 37.57 48.17 57.05 86.62 78.55 97.35 98.54 82.94 63.67 64.29 80.33 4.11 23.24 65.15 33.96 50.14 42.29 48.12 60.9 42.28 3.87 85.32 83.24 74.8 31.31 6.56 66.22 18.6
66.0 39.18 70.96 70.61 73.07 2.38 52.37 78.74 51.0 96.82 71.66 42.32 16.52 69.33 87.88 81.24 99.94 82.16 24.45 74.15 10.48 79.58 84.18 27.87 37.03 23.67 16.16 91.38 75.56 56.43 44.5 44.41 67.53 45.39 26.69 80.65 68.19 85.38 76.66 89.0 58.03 57.95 92.83 78.45 57.44 93.48 17.92 77.84 23.3 78.46 84.81 85.63 98.72 12.17 2.8 56.55 47.18 52.32 87.91 35.45 82.22 99.08 28.07 39.61
81.99 78.28 61.95 37.9 7.5 56.2 97.05 54.63 41.46 43.19 27.55 45.39 31.03 39.87 64.79 26.97 44.77 56.45 72.68 7.01 45.52 16.02 0.6 29.61 64.9 79.23 54.04 46.72 96.55 9.65 1.62 45.26 13.1 33.79 93.8 56.31 82.24 61.6 96.61 40.49 73.25 87.48 6.22 90.07 57.62 69.1 87.36 6.15 80.91 90.38 93.93 95.14 56.22 74.29 57.75 13.72 71.47 59.57 72.84 65.85 8.93 90.97 11.19 42.96
90.71 93.7 85.0 40.77 93.97 99.59 62.91 98.12 39.55 8.3 5.24 35.65 35.38 8.52 26.85 3.61 78.87 71.25 37.74 51.62 25.08 85.37 43.87 13.61 26.07 92.54 2.67 35.87 24.38 92.65 89.56 57.31 79.92 38.43 71.0 7.17 98.25 82.83 15.4 1.65 95.38 25.19 25.99 40.43 90.51 60.15 77.92 79.34 22.9 14.48 10.91 6.55 82.64 89.14 27.7 28.74 57.17 33.76 79.28 84.06 58.62 78.43 34.61 9.78
66.29 6.72 75.74 15.41 24.28 78.28 10.82 91.39 86.21 73.38 3.97 27.49 29.34 45.77 81.39 16.16 44.01 50.04 65.38 40.07 66.62 90.72 59.32 29.44 61.38 12.26 1.24 73.29 11.12 22.6 24.53 92.15 25.55 50.65 0.54 8.33 48.28 77.45 95.8 87.29 9.72 91.36 71.48 97.27 7.35 79.94 98.01 62.29 24.82 53.59 73.81 31.48 54.64 86.77 23.72 86.65 62.02 11.64 21.15 45.77 19.1 4.5 16.99 40.47
20.65 35.88 18.83 91.72 13.77 44.89 43.45 29.54 27.83 28.74 82.4 23.82 67.79 64.3 28.41 27.2 22.92 13.47 56.49 18.99 13.2 54.42 90.58 72.53 77.7 23.59 60.01 28.46 61.75 15.78 61.43 70.87 17.3 90.51 57.09 1.92 38.97 47.95 0.66 32.79 80.3 20.62 1.01 20.57 45.15 27.54 59.91 42.65 68.97 57.98 37.11 12.17 68.02 24.21 26.37 13.59 17.21 61.04 22.55 41.19 0.1 20.79 14.41 95.95
44.49 70.36 99.55 39.69 95.17 29.15 49.9 24.28 14.38 61.4 16.53 54.89 97.57 86.45 64.88 11.88 1.18 9.48 44.26 44.69 41.83 90.3 99.52 62.53 89.69 27.03 14.71 85.84 19.85 67.98 60.03 19.1 53.6 18.57 1.11 72.01 19.6 62.95 70.14 0.61 58.35 88.78 34.08 34.86 32.3 17.58 8.59 18.27 30.98 67.81 20.56 47.57 25.57 97.85 36.44 37.42 67.06 18.65 23.57 79.78 5.66 93.12 39.79 63.14
68.16 62.38 87.81 35.99 69.92 22.9 18.71 53.22 11.23 98.55 30.14 88.25 23.46 10.34 59.5 26.22 40.79 96.09 13.44 67.42 21.77 0.07 98.64 83.52 3.67 96.23 22.05 25.03 82.98 94.77 50.83 42.69 48.25 59.33 97.78 36.91 67.58 12.47 47.66 70.97 93.69 49.62 2.45 24.34 7.78 12.23 29.03 82.49 80.21 81.48 95.83 65.59 50.38 95.66 79.1 35.11 92.12 43.57 79.22 35.17 97.47 93.96 4.0 91.56
