9.1 15.81 58.3 16.96 70.66 38.14 60.88 18.68 24.64 26.39 15.71 71.39 90.89 10.26 19.85 24.57 4.04 82.83 19.96 71.46 53.45 73.96 99.03 75.08 98.98 6.91 79.99 33.61 16.64 48.99 7.44 60.84 35.45 76.81 84.71 77.91 62.39 90.1 39.24 71.04 98.8 3.87 94.51 37.98 42.75 58.74 61.7 77.37 66.86 54.16 42.71 32.46 66.2 62.27 88.54 57.32 67.56 38.04 41.44 45.7 10.16 42.56 63.62 55.79
3.35 85.27 1.26 53.81 50.16 54.69 46.38 7.22 27.65 17.84 34.56 20.84 96.24 28.95 64.84 90.98 10.08 10.68 46.54 0.22 38.01 61.01 8.15 62.12 27.61 66.77 85.83 73.42 17.93 97.74 1.64 48.74 97.16 17.14 17.27 80.77 73.54 65.59 17.6 85.27 74.85 93.54 40.76 52.28 31.32 42.29 18.75 50.36 15.81 57.67 41.29 31.39 7.98 59.22 6.32 79.37 96.05 60.62 42.79 43.19 44.12 43.18 32.15 85.06
3.33 45.74 31.45 32.86 14.75 94.28 33.25 85.25 0.6 28.7 67.45 42.26 91.74 39.0 90.45 18.52 93.58 89.27 43.02 88.7 27.32 4.83 40.71 60.85 26.44 49.69 27.48 94.12 71.67 17.5 91.42 82.01 0.36 87.08 24.45 8.44 4.99 10.76 60.38 45.56 13.51 65.03 84.66 95.5 77.23 82.2 64.62 3.04 88.4 32.71 97.19 35.21 60.71 23.2 82.38 67.62 89.25 47.67 61.38 10.79 90.75 30.85 71.93 28.87
25.5 3.81 21.1 13.21 9.96 62.06 59.26 28.24 78.29 4.85 62.79 57.28 21.5 97.1 62.74 75.63 36.81 27.46 5.18 56.92 7.67 95.59 58.52 23.34 34.85 19.84 63.42 71.52 25.92 30.11 91.77 60.3 54.67 12.73 60.38 72.46 6.6 54.63 98.2 50.42 45.92 25.34 44.5 47.13 8.26 17.61 86.63 60.93 95.24 38.5 9.15 61.17 33.89 28.3 77.0 81.14 96.35 36.79 26.26 95.05 89.45 22.99 24.95 94.96
4.92 82.8 7.98 21.12 83.87 38.02 10.65 11.6 40.55 10.09 44.48 26.51 79.24 72.42 77.28 79.08 4.68 45.08 22.72 51.26 25.84 86.33 45.33 35.32 64.14 12.39 21.79 95.68 55.25 21.02 67.14 8.04 32.99 75.86 5.24 15.91 21.81 99.2 32.21 82.47 57.61 89.33 78.9 15.17 94.51 5.76 51.22 29.23 4.78 80.29 50.15 77.0 59.08 81.87 81.46 74.56 58.07 11.76 15.34 67.67 19.29 81.48 70.98 7.12
56.46 21.61 60.46 66.32 80.17 53.84 51.82 66.79 8.82 7.05 94.42 94.62 20.81 53.09 40.9 84.92 23.42 63.13 83.42 10.12 42.98 87.81 15.72 42.29 31.35 37.39 49.34 53.91 24.94 92.45 64.54 14.01 99.43 74.89 44.38 38.73 98.53 9.68 18.27 72.99 93.02 33.6 71.22 73.5 93.21 34.92 53.1 61.96 25.24 27.25 76.69 89.8 21.46 58.07 13.28 78.51 75.54 21.37 48.34 45.22 43.47 71.96 53.87 31.29
87.83 2.11 42.12 81.45 34.3 10.76 35.02 62.01 64.33 32.79 36.47 22.53 97.76 46.3 1.51 43.13 11.44 54.4 89.12 55.38 90.36 79.6 89.75 15.21 51.81 51.53 42.43 93.27 23.48 71.1 0.95 10.17 62.52 33.56 40.9 40.43 32.93 80.05 68.96 7.97 52.53 12.59 38.39 23.72 0.19 85.0 84.21 81.7 50.34 21.5 82.1 48.44 44.5 60.0 79.84 31.64 90.12 31.87 66.9 72.05 3.55 67.91 93.46 82.76
90.79 20.81 82.59 42.07 58.15 37.99 93.01 38.26 58.93 18.63 57.71 12.64 86.99 95.07 94.05 59.66 49.37 51.91 43.76 5.05 75.62 2.49 21.66 59.4 74.22 86.1 10.89 84.72 30.19 31.57 51.08 82.48 45.13 92.16 51.8 76.07 26.27 25.06 53.28 3.05 12.33 26.43 27.75 90.11 93.36 5.41 33.78 87.55 55.39 90.46 9.68 2.2 7.48 3.61 26.92 29.84 47.65 89.48 43.5 95.15 37.76 50.56 23.55 18.25
29.51 72.89 7.99 2.0 72.95 42.4 57.84 98.7 8.12 70.08 3.2 10.93 55.02 65.94 23.93 73.99 83.39 81.43 75.69 27.73 77.5 31.14 67.06 95.09 54.49 1.25 11.7 50.41 40.9 36.95 36.89 1.22 86.29 60.73 27.15 63.92 80.07 31.15 42.65 58.46 24.52 43.0 30.47 58.43 65.74 11.75 39.09 58.05 19.55 54.53 60.39 40.8 17.38 90.49 60.42 75.8 37.7 38.46 6.15 7.37 75.84 59.32 49.88 72.21
12.31 11.43 63.84 30.82 41.05 48.5 72.76 66.09 87.07 23.52 17.8 47.82 34.06 75.18 83.45 70.5 17.36 80.34 36.98 35.92 46.24 6.41 61.86 23.7 75.14 75.76 36.0 74.02 90.2 72.81 8.5 3.21 7.17 6.24 36.1 13.58 96.92 83.69 27.75 78.18 17.5 63.2 2.24 64.75 10.49 87.95 61.17 66.95 83.98 55.56 35.64 25.5 9.79 22.31 15.72 32.67 58.92 72.36 76.37 58.38 75.26 99.82 54.14 6.94
64.01 29.64 98.86 37.93 20.24 3.11 74.05 99.85 93.47 3.42 4.43 72.3 51.75 47.09 26.27 24.8 34.52 14.34 39.91 99.25 62.87 38.68 4.44 64.88 40.48 32.88 1.06 18.49 74.33 95.04 17.66 45.89 23.42 56.22 31.37 6.86 50.79 12.51 78.09 90.22 69.16 67.19 8.51 25.99 11.53 15.72 78.95 4.67 13.87 70.22 0.49 73.99 6.18 91.22 65.79 93.86 12.36 13.18 68.77 85.97 96.25 79.92 95.84 69.56
56.81 11.88 63.72 79.78 37.19 6.01 75.39 21.55 49.14 54.84 93.95 63.32 75.52 95.18 90.38 13.04 97.71 78.65 18.8 65.13 88.87 28.85 29.65 28.22 96.85 5.09 40.83 36.53 91.92 92.51 67.59 40.78 6.43 63.93 61.16 91.9 93.9 15.22 23.89 79.63 37.36 16.92 85.56 77.72 96.07 31.92 71.0 70.96 98.67 49.28 19.31 72.29 70.03 90.75 65.9 49.16 82.71 20.33 71.35 34.33 48.66 25.22 17.18 59.93
49.04 31.87 32.67 88.66 64.41 82.69 15.15 0.55 14.74 72.36 76.98 2.71 52.97 75.6 48.69 0.17 35.0 38.58 24.41 89.7 1.93 27.73 96.08 37.89 23.54 58.67 44.44 73.23 58.28 66.03 10.05 35.86 23.75 88.7 73.09 50.61 57.68 61.0 91.38 87.22 48.41 54.31 15.49 91.18 84.94 50.9 71.66 71.97 77.43 95.67 3.48 49.73 63.22 95.39 40.99 97.73 53.94 75.82 98.44 93.63 11.02 86.32 42.79 9.41
43.6 37.86 36.11 19.32 95.88 76.01 17.93 23.05 39.67 26.8 73.37 5.97 57.08 14.23 44.38 14.08 47.81 35.4 6.14 36.78 92.54 80.13 12.18 92.63 27.16 57.35 21.42 87.53 28.99 53.3 58.91 32.7 79.59 82.13 99.64 72.06 69.17 62.09 46.7 57.08 14.98 30.02 6.42 72.91 53.93 77.82 36.29 77.98 57.81 27.74 8.86 82.45 36.12 61.17 95.31 1.48 51.58 58.97 81.73 41.79 11.78 29.99 30.36 99.47
29.08 51.06 48.97 46.16 34.46 47.23 95.05 97.02 41.39 14.78 72.49 63.99 51.57 37.17 3.79 40.38 93.99 67.92 66.41 29.56 46.36 98.41 62.83 48.41 31.55 63.08 32.44 14.01 59.11 63.52 29.24 0.74 87.19 88.68 22.91 76.05 80.56 53.41 62.43 18.54 25.09 9.68 76.49 12.25 32.51 66.96 73.87 17.35 96.52 88.18 30.76 24.53 57.29 68.1 24.74 75.6 91.04 77.99 6.57 3.4 42.43 47.64 44.03 62.42
48.06 15.23 7.75 50.74 16.47 51.6 26.23 54.95 27.18 23.23 30.15 47.26 99.22 94.77 80.3 50.25 65.9 6.49 41.5 84.99 69.08 73.57 44.42 3.96 25.5 10.46 94.28 72.56 92.86 39.31 85.52 50.3 27.87 21.25 80.6 1.47 10.07 55.92 19.02 29.61 80.73 85.81 21.43 39.76 84.18 44.12 30.93 6.9 40.04 17.32 26.97 57.92 49.05 50.66 8.85 8.39 82.86 19.09 31.06 14.27 54.18 75.48 88.51 75.48
96.21 18.43 69.13 18.54 2.33 20.42 77.98 71.6 92.38 36.62 10.73 68.87 31.27 37.84 80.51 40.27 5.43 19.39 43.5 91.81 87.52 45.9 63.09 82.98 73.85 91.17 59.01 67.17 45.26 54.36 17.33 22.11 92.24 24.37 22.27 77.89 39.71 50.19 46.87 56.35 63.17 32.04 35.62 1.27 50.4 17.94 25.39 52.38 43.46 29.44 83.91 0.73 18.62 83.0 4.88 42.87 54.54 37.1 5.16 78.89 87.56 13.93 2.09 13.12
68.89 7.69 33.87 96.79 5.11 63.31 75.73 41.15 59.89 52.76 95.36 86.93 35.37 59.95 56.47 52.14 76.08 40.03 15.19 78.99 91.19 3.35 80.71 25.15 49.9 83.9 23.21 72.02 13.85 98.45 64.15 34.47 44.83 62.44 57.11 3.1 71.37 33.43 3.6 33.04 56.45 42.21 71.05 66.08 69.85 55.71 44.45 75.1 76.61 23.14 23.01 17.74 96.59 18.07 55.02 27.27 23.59 75.28 44.64 56.49 83.37 53.07 29.17 19.31
53.76 65.01 53.2 42.55 53.21 98.7 52.21 46.61 71.01 70.22 89.44 23.72 25.63 15.42 90.58 48.59 46.85 39.19 70.55 90.3 47.58 82.47 56.21 29.4 99.43 4.78 21.06 39.79 31.25 7.37 4.68 24.15 21.59 75.12 85.92 11.08 98.57 95.1 94.59 60.64 67.41 85.96 8.07 8.29 89.05 65.36 17.84 29.01 26.53 13.42 75.93 10.11 96.29 87.76 76.05 85.15 69.31 97.49 24.15 76.03 36.88 64.92 37.81 16.08
39.75 17.61 1.08 33.74 66.18 21.44 88.3 8.53 38.85 14.25 97.26 21.94 12.65 51.48 36.06 87.89 12.37 94.39 10.56 71.93 22.99 35.79 20.42 17.09 8.98 67.51 51.77 15.95 11.4 99.85 36.78 64.74 47.77 59.2 1.01 47.96 44.74 16.75 7.93 55.83 32.36 83.35 87.98 50.37 21.48 11.12 81.48 53.76 56.54 0.96 18.01 94.43 86.36 29.93 99.74 97.19 63.38 84.83 35.32 87.56 46.09 68.45 50.9 60.89
43.05 2.82 56.68 27.22 68.35 43.89 85.76 77.92 3.37 27.08 73.79 60.67 9.68 87.62 79.87 53.77 11.57 24.13 32.57 45.49 45.59 53.72 32.78 99.06 43.05 94.13 10.26 23.66 74.33 55.4 46.74 43.12 59.83 66.91 58.94 14.23 42.68 67.52 79.47 31.35 57.38 95.78 46.82 70.5 20.88 42.43 90.19 88.19 15.89 34.9 80.87 63.98 27.23 38.54 29.74 87.06 22.25 62.9 59.39 76.31 20.34 88.38 88.68 50.64
96.92 65.18 45.57 63.61 65.49 74.87 81.54 80.07 54.45 33.25 97.67 9.58 2.19 13.66 3.04 58.53 23.76 65.86 97.9 98.0 90.92 41.97 81.91 65.8 34.59 47.54 50.72 95.91 36.38 48.89 15.32 23.17 10.3 6.26 29.04 94.1 79.35 56.53 33.48 60.87 76.45 37.16 39.64 68.22 16.3 20.8 59.45 17.32 96.52 69.29 56.79 98.47 39.01 64.14 8.28 99.81 17.89 4.61 59.1 37.57 37.3 7.79 58.33 56.8
6.05 24.0 64.91 44.3 48.06 93.88 99.81 53.51 28.66 87.67 63.79 99.14 50.71 5.94 18.12 71.08 83.11 57.52 79.73 14.27 67.39 43.65 53.78 81.86 96.09 87.51 91.37 59.12 23.97 87.31 78.92 33.78 73.48 99.09 55.35 13.77 69.94 3.54 76.73 8.99 2.86 35.39 85.47 51.26 46.61 21.91 7.76 3.32 67.7 1.78 65.73 56.19 50.26 18.14 15.49 26.94 60.59 83.91 72.57 59.56 97.33 18.79 4.79 31.76
18.93 98.34 28.9 50.48 67.94 13.06 32.29 38.33 60.59 70.87 7.49 72.84 14.65 16.39 25.61 25.2 90.53 7.68 26.81 42.18 63.47 12.13 99.2 65.82 50.12 91.2 61.57 82.39 42.81 45.51 45.72 56.03 88.51 70.1 43.22 8.47 94.65 38.58 47.09 76.51 61.08 49.17 84.28 42.8 0.57 1.21 67.06 21.17 64.79 83.57 90.75 62.58 34.79 38.48 34.99 61.51 4.58 40.52 64.93 97.84 25.1 67.38 11.38 44.69
30.57 24.13 64.25 79.37 64.4 90.73 64.58 44.26 93.37 96.01 84.43 7.23 82.19 41.58 28.62 52.24 9.76 89.81 24.89 73.56 46.35 81.62 33.68 7.98 55.99 80.57 22.19 23.23 71.36 31.74 78.56 88.28 0.23 69.63 99.55 79.78 43.84 73.97 7.95 71.23 32.22 73.13 64.65 87.19 8.17 76.38 23.15 14.56 20.63 22.69 58.63 40.36 89.08 52.23 86.63 3.83 56.53 96.08 84.21 3.44 42.69 69.27 99.44 86.6
36.57 83.36 97.33 33.62 56.57 51.93 5.81 44.55 35.03 68.73 66.22 4.14 72.3 13.16 75.12 69.0 73.77 19.3 75.84 44.41 65.65 80.76 63.04 28.49 71.36 24.99 74.74 11.54 52.05 25.96 42.01 66.41 62.08 16.41 2.2 59.21 60.11 51.15 35.93 59.68 7.72 95.53 73.41 27.91 10.47 43.14 8.55 15.14 48.1 55.07 23.47 31.4 61.43 57.21 78.67 65.13 5.1 57.55 16.93 71.78 17.11 66.69 75.24 24.49
83.21 85.73 37.44 82.69 48.4 63.69 79.7 25.46 34.15 98.2 32.07 23.7 4.91 47.95 95.9 80.07 54.41 73.23 36.72 87.52 43.86 3.93 90.1 7.27 23.14 36.06 74.63 68.04 92.89 91.11 93.94 19.19 22.24 41.8 61.24 13.98 90.67 9.9 44.45 32.12 34.52 8.55 31.86 52.12 35.58 27.65 62.52 2.72 44.39 86.04 96.45 91.1 43.6 32.86 11.52 37.82 89.33 13.8 54.71 25.34 93.64 53.0 60.13 32.73
46.8 66.64 46.35 16.39 27.97 96.23 38.92 65.66 31.14 80.03 4.3 13.01 18.39 14.83 47.8 24.11 52.27 51.1 41.17 92.69 29.76 90.86 84.67 42.11 58.96 52.18 4.42 2.58 60.26 66.14 90.01 28.59 42.89 77.15 85.12 71.94 4.86 99.77 49.78 48.35 64.53 70.81 46.22 29.1 89.11 36.72 83.48 59.34 25.91 23.29 9.8 79.08 60.63 95.31 30.96 22.76 88.69 29.86 14.91 58.99 18.72 33.55 41.66 6.31
56.29 88.23 77.66 82.57 48.91 47.82 59.1 21.26 27.61 51.75 77.88 82.69 45.95 33.47 0.87 97.99 0.05 44.95 21.41 87.92 7.16 2.66 30.48 32.7 97.28 69.66 0.92 9.5 95.31 1.14 42.44 39.53 78.69 97.19 39.11 13.87 97.52 95.7 18.61 85.47 3.0 57.7 57.3 54.55 50.32 50.36 33.78 94.03 67.55 88.26 30.81 7.6 77.47 40.83 48.6 54.61 99.15 80.43 5.26 22.65 18.11 14.76 26.33 23.33
92.27 27.02 28.44 65.22 66.07 14.34 12.55 6.29 99.05 30.49 35.82 44.4 43.35 11.55 5.42 56.31 94.78 33.41 93.56 48.37 90.56 42.56 3.31 50.56 23.21 4.47 79.48 21.16 80.02 59.3 91.34 47.12 61.84 89.28 27.76 72.68 40.9 30.43 91.73 21.91 33.23 18.41 13.07 40.46 95.76 52.66 1.75 50.23 56.38 20.43 9.41 7.05 74.86 31.37 84.67 52.89 60.23 86.73 68.21 19.29 16.08 42.35 73.71 0.69
96.09 52.3 53.1 67.25 58.53 18.62 50.18 67.6 86.68 68.25 26.0 90.7 70.75 28.91 92.96 52.6 72.38 39.47 96.53 16.12 0.79 40.52 58.06 35.3 60.84 22.32 71.01 52.5 83.64 87.98 94.35 29.79 6.83 53.04 75.76 84.91 36.36 43.39 29.83 82.19 71.0 68.74 39.99 9.03 26.03 70.7 85.49 66.16 51.95 76.74 72.72 14.85 59.14 86.29 2.51 68.83 36.25 44.45 22.1 23.69 65.53 5.19 38.13 32.29
84.37 35.74 24.38 28.68 89.76 80.85 66.03 2.94 64.81 69.58 76.41 32.15 62.36 55.65 50.09 24.6 7.27 78.38 4.59 29.7 30.48 30.02 92.12 61.75 24.79 88.23 10.19 56.57 20.36 35.86 23.14 74.02 8.48 97.61 11.3 39.07 12.07 67.63 35.81 91.98 37.12 98.01 11.19 4.89 57.73 38.93 25.18 64.96 0.32 47.31 81.09 41.6 33.32 22.09 86.28 42.19 18.41 53.41 20.46 19.57 37.16 70.71 78.22 14.56
19.0 94.32 83.73 41.02 12.13 57.0 85.09 40.66 63.17 30.46 35.63 25.18 83.44 45.25 78.96 95.47 97.51 0.53 53.93 18.56 68.5 32.96 3.14 58.91 24.19 4.79 69.65 8.82 6.2 85.77 30.7 64.08 20.48 96.92 9.7 89.36 6.41 71.03 86.83 98.34 91.81 38.55 27.03 86.92 98.87 42.08 45.37 70.2 5.54 63.82 83.75 16.95 66.9 94.26 95.01 11.09 93.12 0.21 46.4 12.9 65.32 44.73 44.77 38.69
89.22 94.28 93.1 82.98 3.73 5.71 78.42 53.93 36.12 95.31 62.33 46.2 0.98 60.67 24.82 81.07 26.96 69.79 3.78 54.68 43.66 2.68 35.05 75.8 16.48 28.62 3.44 57.97 68.32 42.55 21.43 25.2 73.74 37.11 21.08 95.66 99.9 0.52 60.27 37.42 10.57 53.65 34.36 8.78 89.72 19.98 96.86 26.04 64.31 51.6 86.94 84.32 78.48 32.99 61.16 87.82 41.43 74.01 44.36 50.7 85.59 91.82 93.81 50.79
12.02 48.2 38.98 55.8 34.85 34.68 1.71 90.84 11.01 87.97 55.38 95.91 5.03 96.34 61.84 66.19 88.46 48.15 49.77 17.14 81.69 37.32 31.29 43.91 16.99 30.29 17.54 8.08 73.08 94.42 68.35 99.36 47.99 8.87 76.45 6.6 54.75 90.51 16.41 71.85 5.8 79.2 50.8 18.46 2.24 69.85 99.07 57.74 65.81 78.76 0.85 27.28 13.65 49.41 85.37 23.14 43.62 21.22 16.98 2.0 35.93 97.93 21.39 42.52
41.32 72.47 16.88 16.83 0.58 32.15 33.13 65.53 19.74 48.04 3.33 39.72 34.21 38.82 90.57 60.47 15.56 58.58 46.95 60.01 62.35 60.08 26.15 36.17 20.02 28.93 50.08 35.95 86.03 95.13 31.0 76.61 22.69 1.81 25.41 69.68 73.28 8.4 31.3 38.12 5.79 99.12 4.11 12.96 98.2 97.68 95.76 21.48 25.81 58.1 18.06 13.29 68.34 5.1 65.89 10.76 54.21 49.38 31.85 13.45 41.59 67.46 57.35 37.8
9.21 40.15 1.03 68.07 22.03 79.64 97.34 43.21 85.32 47.79 77.25 95.32 78.68 38.97 18.63 89.76 49.76 71.25 6.6 90.08 97.29 90.63 47.03 79.55 46.17 46.12 46.94 29.49 96.99 36.83 4.0 91.59 76.75 31.06 83.33 1.7 82.37 9.33 34.75 70.23 49.77 90.55 62.5 98.63 45.85 84.55 12.85 26.98 99.41 99.09 95.21 52.5 20.44 14.89 87.91 60.26 92.49 79.77 92.84 36.19 24.25 53.5 14.97 38.16
94.24 20.62 45.4 53.23 16.73 65.41 70.24 59.71 68.56 35.69 44.7 63.14 49.31 48.43 21.94 43.34 32.0 72.02 69.02 37.28 20.18 84.47 87.12 56.88 73.12 12.58 48.4 1.88 18.63 81.86 97.37 36.37 93.93 31.04 0.89 51.39 36.37 77.93 51.9 64.47 86.82 82.32 77.34 52.33 25.56 21.58 23.8 14.67 92.47 90.49 10.77 32.96 11.52 95.73 38.05 33.46 35.9 29.54 2.88 69.66 19.96 16.8 25.38 42.8
64.76 60.4 99.73 51.86 83.46 16.02 38.78 49.84 18.65 7.55 43.14 79.58 67.74 27.08 68.23 94.08 69.74 60.14 30.79 82.88 8.25 3.23 44.61 21.88 13.66 83.15 53.11 13.37 43.42 13.3 13.04 96.83 79.49 56.8 86.41 24.9 92.46 85.36 70.47 65.59 12.52 76.31 76.44 11.74 83.87 74.27 34.91 58.34 40.01 72.3 13.96 63.23 85.34 53.23 40.12 41.32 70.23 64.39 9.88 11.97 45.42 34.26 83.87 4.82
17.37 54.89 26.0 1.07 21.23 5.26 0.61 70.02 27.55 80.74 53.84 79.85 71.56 31.71 52.61 72.12 27.43 25.89 75.58 47.01 96.93 17.94 27.63 90.27 39.67 71.58 81.59 68.43 79.58 21.64 82.2 28.4 96.92 85.55 56.24 88.23 97.14 85.49 8.03 67.58 28.29 76.05 86.9 55.69 59.53 3.23 17.76 49.65 27.5 98.31 48.35 61.09 13.72 44.26 96.57 93.15 33.22 76.35 35.38 2.95 77.17 92.8 17.1 71.38
26.68 48.3 17.93 50.78 23.62 91.11 77.87 65.59 67.4 94.41 52.95 18.47 30.54 16.52 66.51 69.84 94.69 72.26 86.72 24.17 77.13 30.22 42.51 73.9 52.53 62.0 93.27 96.07 28.57 66.73 70.66 12.11 67.16 41.11 54.56 79.38 29.13 97.75 39.21 72.94 28.85 81.74 31.3 33.07 29.73 86.31 53.41 7.75 71.1 42.21 41.77 50.81 52.04 81.4 33.15 6.72 20.47 62.98 18.44 3.46 80.52 64.13 2.01 19.69
37.47 82.83 55.25 50.61 36.27 80.08 56.56 80.9 19.32 30.98 37.58 53.75 96.64 55.27 29.04 90.6 32.71 72.31 15.69 49.66 70.89 47.39 27.24 60.66 13.77 8.08 58.06 1.64 70.76 96.39 78.99 50.17 33.35 90.61 69.76 66.87 79.77 95.56 17.63 32.28 3.62 2.53 88.94 55.17 82.57 8.24 63.14 58.65 27.6 95.52 28.16 10.44 91.54 84.45 2.46 35.7 91.12 42.06 41.16 78.01 67.35 2.28 56.34 37.91
65.58 38.2 77.08 12.0 94.78 71.29 71.42 63.94 17.94 99.55 92.55 95.95 19.45 23.83 54.68 70.56 79.62 60.73 82.51 91.28 44.62 93.11 83.96 32.56 52.75 86.77 99.41 9.69 84.84 50.35 91.09 35.59 39.81 64.4 65.01 95.48 57.13 64.6 72.72 67.46 83.44 93.3 62.21 22.42 48.14 8.0 48.39 51.8 96.5 74.06 16.62 78.76 97.5 77.73 76.76 7.56 52.6 48.58 15.93 18.47 40.71 16.7 50.65 68.18
67.92 70.34 34.24 33.85 8.13 42.96 4.29 28.53 92.61 71.51 60.11 76.76 93.2 90.2 17.23 32.63 7.41 36.58 66.18 2.82 21.5 43.98 56.48 71.75 28.44 49.04 60.14 8.33 79.24 52.52 9.29 55.64 99.2 60.16 11.18 60.73 10.69 34.06 65.79 60.03 62.61 55.78 5.13 41.17 45.9 37.01 98.93 31.76 89.51 84.04 15.76 15.0 12.91 8.74 97.14 99.81 12.12 9.09 43.32 5.91 42.73 57.12 82.39 22.8
83.22 54.11 39.98 17.92 52.19 52.19 50.14 70.24 91.17 72.71 85.14 95.73 32.07 64.14 26.35 2.91 67.36 76.08 59.12 65.7 48.78 95.34 87.13 83.91 94.05 27.7 4.76 71.9 84.66 98.49 80.39 30.25 99.9 18.77 8.45 56.88 48.53 47.54 21.84 9.38 73.81 25.44 2.58 16.04 40.85 69.43 7.06 44.99 72.82 18.26 12.23 83.81 43.36 19.23 43.2 3.4 74.16 73.4 83.76 23.66 17.29 97.56 96.96 1.46
69.78 38.81 84.63 60.77 90.78 9.36 8.35 38.02 9.5 43.78 79.18 28.61 73.5 13.86 88.33 47.62 61.92 2.25 7.74 44.71 88.97 46.4 50.57 36.56 6.78 73.96 27.64 68.73 26.72 20.18 2.46 49.71 87.21 62.12 45.99 10.8 95.27 77.78 12.5 31.0 82.02 41.36 61.74 7.63 58.01 83.69 16.42 26.86 77.21 77.21 23.36 7.35 29.52 59.6 17.72 91.5 86.46 29.15 95.22 9.96 5.61 98.38 3.56 11.25
36.63 8.85 3.37 33.05 71.59 66.83 11.01 90.06 35.32 99.11 52.65 43.46 24.43 59.73 19.45 19.99 81.76 7.99 34.57 89.48 13.04 18.71 4.08 87.77 62.77 68.36 15.85 74.31 63.94 65.95 93.61 9.38 78.4 36.47 55.28 54.58 40.38 76.14 59.56 49.11 84.18 19.07 65.82 29.02 15.21 4.48 13.08 73.11 73.07 73.16 50.93 34.71 91.97 69.55 84.15 71.04 47.27 65.23 30.98 30.0 2.21 42.53 90.59 24.51
65.86 40.35 98.99 78.23 65.82 8.15 7.47 16.1 96.33 46.39 43.93 93.35 60.52 21.51 48.06 52.92 77.38 9.59 34.99 39.37 64.01 90.65 27.53 59.75 87.25 14.56 95.87 59.64 89.14 40.48 82.38 86.98 66.64 61.37 11.27 30.53 96.48 57.81 49.68 94.59 60.87 79.2 8.5 32.09 51.81 63.52 90.89 37.13 8.92 12.34 54.79 31.19 76.64 7.86 14.55 26.34 1.79 30.14 17.48 18.04 44.77 8.38 79.36 51.58
29.6 32.62 78.08 19.72 64.45 10.42 63.89 29.98 47.43 51.63 21.63 85.44 4.31 74.09 57.42 3.36 79.76 80.87 94.72 61.67 35.07 82.39 40.43 43.69 45.83 9.9 40.25 59.77 1.48 48.36 28.3 37.05 94.64 78.5 1.92 77.78 18.41 85.88 89.67 61.16 61.06 19.49 12.74 55.28 82.59 66.87 71.8 21.94 51.3 27.61 4.16 70.71 23.91 1.85 57.96 10.38 98.4 15.84 63.47 15.01 13.58 84.83 88.31 65.94
5.35 72.29 38.57 44.45 97.69 30.23 72.93 37.73 91.18 61.15 1.59 57.45 88.64 18.49 71.9 5.68 32.04 81.53 84.17 5.53 0.01 45.15 63.34 87.84 82.17 27.73 54.95 96.11 95.78 43.56 13.21 32.14 21.04 38.65 63.4 45.52 53.28 32.72 84.28 91.78 17.7 4.54 79.36 92.84 22.57 97.99 84.45 60.94 18.54 87.01 23.64 60.13 98.13 12.25 79.91 85.16 7.05 66.29 7.34 96.32 55.1 67.83 85.08 52.4
70.44 21.09 15.67 15.15 40.62 82.76 91.84 20.77 23.11 49.07 72.96 65.35 90.8 10.82 11.97 66.88 26.45 15.13 98.2 14.03 1.27 25.38 42.83 9.8 91.41 56.21 63.61 20.59 40.55 9.9 52.04 80.29 32.48 30.76 45.66 27.74 8.69 48.42 55.68 40.76 51.77 58.29 7.77 60.97 45.45 14.53 25.94 45.22 34.67 40.83 29.64 45.15 38.96 99.14 32.27 20.14 53.15 5.27 73.18 65.15 73.86 87.07 7.48 11.38
20.35 68.22 44.62 54.78 28.22 74.99 29.02 9.06 73.47 88.38 4.93 30.54 46.96 30.31 83.11 12.1 98.16 47.52 45.83 11.04 27.61 73.75 36.36 81.72 45.76 15.66 7.33 82.41 19.36 81.13 10.71 72.58 4.92 77.58 7.25 88.98 82.86 69.39 91.95 77.04 40.58 22.65 31.58 26.12 26.19 37.76 2.26 52.84 88.55 64.03 40.39 13.32 18.11 92.82 29.78 4.34 97.33 75.77 66.9 12.5 87.21 62.84 65.65 26.28
1.41 71.09 67.38 33.62 18.22 84.74 38.87 54.44 42.94 12.0 47.34 64.08 35.98 70.33 34.17 48.09 81.67 83.16 64.55 94.6 61.09 27.36 22.12 50.64 11.26 57.58 77.95 44.33 42.54 88.74 1.87 87.41 0.67 90.9 59.56 42.24 23.38 20.57 18.24 55.56 71.63 4.65 9.76 23.02 1.81 39.49 19.0 18.13 28.39 63.13 67.15 69.25 21.39 87.37 52.37 22.22 93.29 73.56 39.12 27.34 94.29 78.94 51.57 30.19
9.18 55.01 19.05 96.62 38.79 20.55 97.71 16.75 96.41 66.59 68.99 52.59 26.89 24.02 39.88 36.8 18.12 93.73 7.52 54.76 84.91 67.27 79.56 33.71 62.85 81.04 44.39 53.01 83.7 82.46 18.26 6.16 7.11 8.34 92.09 89.06 16.31 60.37 80.72 92.13 74.97 85.48 74.98 37.69 56.17 88.55 53.18 21.92 71.94 89.35 10.52 68.62 20.89 19.23 67.58 41.7 16.75 49.23 42.64 53.47 35.14 42.79 88.69 99.9
62.43 41.33 48.71 25.57 63.63 19.19 56.73 19.34 49.24 14.06 20.99 74.54 65.19 21.85 68.09 22.44 1.39 58.79 6.86 47.78 19.74 84.9 37.22 35.62 44.58 27.88 80.55 34.44 29.51 82.91 13.76 27.32 21.84 32.97 17.4 84.05 6.54 85.04 41.46 2.74 77.32 71.57 71.45 85.51 22.42 14.64 39.35 66.31 85.74 59.99 57.27 57.77 48.6 86.08 45.56 40.23 17.63 1.09 38.47 61.47 46.47 89.52 36.76 40.93
71.83 56.05 90.47 36.23 83.16 28.53 36.71 92.37 68.55 13.76 42.37 66.92 43.33 58.78 42.18 33.94 86.45 14.58 75.49 63.87 95.7 59.24 96.61 70.7 50.45 47.93 83.55 57.23 55.47 59.18 63.38 35.9 50.1 25.92 12.65 43.32 54.04 89.3 4.25 43.36 45.77 53.14 76.99 76.08 74.27 93.81 80.99 26.62 44.88 18.04 46.49 39.91 41.32 4.57 38.24 84.42 58.62 25.86 22.52 47.56 65.2 76.12 74.1 71.67
22.57 71.39 72.1 30.89 30.37 35.09 48.37 72.9 80.48 68.55 7.06 42.3 4.0 38.36 3.8 87.3 14.0 89.27 15.7 53.54 16.24 83.62 94.17 56.85 0.45 65.49 22.91 17.74 83.51 79.2 79.47 11.2 64.91 67.7 52.72 73.6 8.83 30.21 53.27 97.02 96.44 18.82 67.83 90.27 86.09 80.46 83.24 97.2 61.76 28.35 13.0 60.57 19.39 64.48 29.9 8.85 69.26 56.28 28.74 38.33 64.72 45.16 23.56 81.55
23.8 69.99 44.49 53.88 36.65 73.4 69.14 95.68 19.49 63.88 69.23 80.96 79.49 92.95 33.99 18.43 39.45 16.23 44.6 96.87 34.42 10.09 4.81 6.97 33.44 42.72 83.81 52.94 98.08 59.29 71.72 19.73 8.14 11.97 57.26 11.08 58.58 79.01 44.67 60.09 4.97 9.57 45.55 60.4 83.33 55.53 59.18 81.75 9.4 8.66 61.72 73.45 39.61 51.65 11.01 47.37 17.17 0.0 84.64 4.62 24.17 44.97 47.13 36.83
63.09 68.95 97.75 90.33 27.69 41.05 57.46 68.33 59.65 55.0 12.44 54.7 47.31 79.77 72.72 10.73 78.01 54.15 25.53 62.65 96.33 2.2 45.28 85.16 19.45 93.31 96.66 45.58 49.33 71.38 42.04 21.89 56.67 89.56 56.88 24.37 64.77 9.82 48.01 4.99 82.77 68.02 60.42 33.45 43.84 3.42 82.17 54.8 77.15 93.36 99.21 38.07 85.31 90.6 1.65 16.51 67.03 77.36 7.14 84.62 81.38 92.58 78.89 5.87
77.64 34.91 37.03 70.91 42.99 61.44 61.21 11.55 84.09 86.07 54.82 8.25 72.11 58.31 69.34 65.03 54.69 48.94 43.08 56.94 35.25 83.0 73.44 88.92 22.7 44.01 71.69 53.3 43.63 36.96 24.96 47.91 29.97 87.05 15.88 17.37 92.8 28.25 53.16 77.95 18.61 87.61 42.9 47.7 49.11 28.11 74.23 1.4 27.85 52.87 48.24 68.33 64.85 81.34 66.66 55.14 28.16 78.99 1.26 82.51 63.05 74.47 28.1 51.76
5.7 66.8 91.77 50.08 22.73 38.23 33.08 36.56 80.7 79.04 93.23 36.38 18.55 47.14 31.28 44.52 23.1 55.44 12.35 92.31 49.57 57.66 52.37 70.9 30.08 30.63 16.63 96.73 13.54 82.46 23.16 97.31 61.84 82.84 49.18 45.75 39.46 45.62 31.72 77.78 63.9 50.68 43.19 64.67 5.02 12.07 22.33 82.05 70.3 6.21 68.48 85.1 64.95 39.32 27.82 17.36 90.73 63.28 4.07 21.0 37.97 37.31 43.68 82.31
68.96 82.46 50.55 51.36 22.25 27.71 76.61 77.29 29.17 59.76 34.71 83.53 98.49 68.84 32.38 97.95 53.72 88.04 89.58 24.6 88.35 94.88 27.27 91.95 65.75 82.18 28.33 51.03 94.36 74.01 39.65 71.84 74.37 54.76 2.9 79.98 89.47 11.69 47.39 50.23 37.43 14.42 24.4 88.15 75.43 90.08 14.29 93.1 59.72 93.09 21.9 6.24 39.63 31.6 52.15 43.47 8.23 86.58 13.04 83.79 54.53 86.33 71.35 97.21
11.07 96.89 55.93 39.69 9.46 20.54 63.46 36.82 72.18 18.78 37.71 99.48 54.42 19.58 4.29 35.61 31.65 81.58 64.81 42.38 25.75 95.26 52.87 76.37 43.41 73.89 82.63 23.04 43.43 61.72 75.04 70.14 0.46 74.37 19.75 79.88 19.26 98.54 6.06 2.52 54.87 36.09 39.81 16.66 95.13 25.55 10.51 73.33 91.05 66.75 52.24 41.09 73.62 31.32 20.15 46.14 75.13 28.85 36.36 48.41 21.72 34.43 61.4 39.92
16.1 15.52 84.44 16.1 89.74 9.92 36.51 87.58 31.27 39.24 38.95 90.98 17.28 66.76 38.26 9.9 43.36 94.77 76.72 11.14 53.51 29.13 0.68 59.49 59.32 42.36 64.47 82.23 98.3 69.07 69.09 66.07 41.74 62.19 77.02 34.68 39.22 75.9 62.84 49.28 85.17 38.07 64.2 43.25 8.34 13.65 9.3 3.63 34.49 11.33 96.31 64.22 53.07 56.5 87.2 18.81 95.35 90.04 59.68 67.07 88.52 3.73 13.28 8.45
