37 90 98 47 17 43 63 4 81 5 39 18 42 15 53 68 79 36 20 21 24 31 83 2 37 97 48 52 39 71 57 92 27 43 38 42 31 40 39 20 48 80 42 85 79 91 16 63 58 88 1 94 6 16 37 83 43 36 54 8 67 67 3 59
42 54 39 42 76 98 18 41 0 31 18 37 25 28 6 22 99 76 14 32 22 65 18 29 36 90 44 38 5 9 80 9 24 31 74 65 18 24 54 27 60 74 55 70 60 68 15 88 3 23 68 88 63 87 89 60 84 86 30 59 13 46 94 55
86 62 24 72 12 55 91 9 92 29 69 46 53 35 41 87 22 76 65 28 86 53 73 77 52 8 75 70 60 31 24 84 11 18 72 66 77 32 88 30 78 30 60 82 31 23 4 35 88 7 88 11 24 42 55 28 32 27 81 18 92 98 84 8
5 68 67 50 1 48 59 64 42 8 32 11 2 38 34 37 62 89 76 55 29 52 69 98 17 21 51 62 60 74 46 28 20 82 8 1 78 71 60 57 46 16 80 31 9 32 59 61 15 69 17 24 26 64 46 39 60 57 7 70 20 48 97 41
8 26 70 11 54 8 97 49 32 99 20 7 13 59 56 97 73 49 57 72 41 90 13 40 12 4 47 39 76 13 91 71 45 40 58 42 9 6 56 21 32 97 21 89 22 8 60 12 73 37 31 24 72 5 43 39 96 52 54 64 22 4 84 93
63 66 13 49 5 49 52 61 25 87 69 24 99 47 62 1 69 92 41 71 98 99 28 1 33 83 44 88 42 14 10 32 14 10 58 48 4 78 7 20 55 68 18 99 49 88 37 37 44 3 59 73 75 59 12 26 26 6 86 5 87 35 54 63
47 70 50 87 79 54 69 68 61 55 20 50 26 64 64 98 47 63 13 18 41 79 35 39 6 70 80 88 82 49 93 18 18 73 45 54 95 23 52 38 21 43 44 49 20 95 44 91 19 13 75 60 2 70 57 62 10 24 1 96 9 59 44 80
25 31 32 71 5 41 8 69 6 19 3 68 59 31 53 48 94 50 0 65 4 43 94 18 88 24 12 84 67 53 90 64 79 56 37 96 40 89 68 90 1 25 91 21 88 26 16 21 2 16 59 89 45 31 83 32 0 90 90 70 97 28 52 4
39 46 37 25 95 67 47 89 64 57 62 81 22 52 17 30 39 30 52 31 97 95 82 19 51 85 29 87 71 93 66 51 26 51 63 11 45 36 3 81 82 31 63 58 97 30 87 20 61 70 55 72 82 64 64 19 86 93 77 39 22 63 48 99
78 46 78 96 81 91 62 84 78 58 65 29 90 81 94 61 10 93 97 3 44 3 97 27 28 91 38 67 29 91 79 94 85 7 27 54 28 6 47 21 82 15 63 81 79 19 60 95 1 76 0 40 80 32 56 3 37 70 66 9 72 43 8 42
13 32 63 49 67 7 25 42 79 37 39 47 21 9 3 61 5 37 72 83 55 19 68 18 0 41 59 56 88 89 64 82 77 26 17 47 17 39 59 31 11 7 23 73 44 78 81 73 51 45 13 56 10 95 53 22 51 36 99 33 25 53 65 17
1 58 91 64 6 66 76 60 76 40 68 29 6 54 47 83 25 0 38 9 30 50 30 25 57 13 13 15 1 12 2 29 78 64 28 88 25 32 63 3 78 20 0 15 95 77 92 71 15 30 9 64 51 49 19 37 78 35 83 30 20 72 16 94
40 55 9 99 82 35 96 10 88 85 76 54 34 18 37 26 79 20 81 17 1 13 72 40 18 86 90 33 75 96 70 18 13 27 22 53 67 49 14 7 84 91 59 10 91 96 3 94 84 87 70 23 35 8 86 22 37 69 28 83 46 57 24 33
20 0 71 93 26 53 55 9 57 50 36 60 72 86 15 98 95 12 83 61 3 65 63 49 89 95 17 22 10 59 48 4 34 40 40 21 4 63 23 73 52 37 40 94 55 57 67 41 85 94 70 27 42 65 14 45 30 17 95 33 57 92 47 74
91 42 65 44 72 42 41 9 59 94 19 36 74 83 40 83 77 73 0 39 61 95 89 6 93 46 33 84 84 70 41 56 97 65 69 70 40 52 13 9 67 37 47 98 34 27 32 40 27 92 1 19 76 21 58 40 37 40 34 43 39 7 39 58
72 66 56 8 58 18 77 42 87 13 67 82 3 18 2 61 4 8 15 81 4 83 91 19 36 62 38 61 0 12 81 49 53 45 17 36 53 79 6 59 56 89 46 16 35 92 51 17 51 26 21 70 43 98 35 45 12 90 28 86 64 44 47 15
72 64 21 20 12 90 51 70 41 67 60 78 79 85 63 38 73 93 5 92 64 17 84 83 24 19 48 4 93 74 4 97 90 50 68 6 46 76 46 61 6 92 83 16 37 12 50 79 86 89 40 51 66 73 19 19 74 11 97 55 4 6 20 93
24 82 55 26 12 42 47 22 19 42 73 90 95 26 24 66 84 4 11 70 39 5 33 80 60 32 49 38 60 73 25 90 80 17 72 79 20 48 94 84 85 28 43 92 95 58 63 99 20 46 74 42 20 57 44 30 52 34 7 4 20 26 70 92
18 20 13 17 0 63 92 34 35 64 23 88 47 35 36 74 22 7 83 13 83 23 46 6 84 9 65 26 56 42 90 44 39 89 5 10 96 39 9 66 56 23 13 61 29 75 21 6 9 47 67 40 55 2 70 13 8 97 83 88 10 24 63 7
30 11 95 41 3 52 32 43 93 90 41 70 21 25 74 65 9 29 78 31 6 43 79 99 21 83 19 27 38 10 34 51 65 22 40 24 74 69 91 4 78 47 35 5 5 58 46 95 50 68 62 65 73 31 92 69 60 79 46 99 90 69 30 13
21 96 99 81 18 16 86 78 5 65 15 69 35 3 77 32 8 2 22 42 91 27 32 36 96 42 99 99 43 89 34 33 72 21 92 98 10 18 94 93 43 79 8 57 15 43 86 23 74 51 50 1 40 63 91 28 4 62 99 54 24 90 87 34
81 24 64 3 78 47 91 83 87 94 48 77 52 72 57 47 16 24 46 17 45 74 90 7 52 49 76 54 42 58 97 14 34 79 19 70 80 13 80 32 92 53 25 65 29 6 21 63 93 46 79 98 88 80 34 91 58 86 12 4 41 70 30 13
24 81 3 78 83 28 26 58 64 38 58 89 63 92 21 7 19 96 60 89 2 94 96 56 15 12 6 88 88 78 76 91 14 16 30 53 23 54 62 11 47 43 17 97 50 65 74 5 95 76 62 26 19 55 68 62 48 85 84 98 88 79 55 62
24 78 56 30 37 78 24 37 26 2 88 59 96 14 11 53 85 26 68 78 77 28 68 49 51 18 1 73 19 10 76 85 46 5 2 14 74 77 63 81 11 82 0 89 74 27 90 85 94 15 90 87 48 72 67 16 46 5 96 12 8 35 73 47
82 75 18 82 60 86 6 66 79 11 2 95 43 0 64 32 62 23 62 55 98 40 40 37 65 88 68 89 35 93 74 24 34 15 81 56 41 44 89 74 64 48 20 44 88 29 55 42 89 66 48 26 2 44 99 5 41 37 26 85 18 20 42 7
66 38 44 65 3 12 13 5 62 61 11 92 65 58 22 90 85 44 66 86 65 77 1 83 38 36 16 27 90 21 10 59 87 25 59 41 5 12 76 20 5 28 54 77 86 15 11 66 2 80 67 55 23 20 23 79 72 84 22 70 53 72 21 56
13 86 42 39 88 0 23 88 76 64 79 36 19 37 66 44 10 31 25 84 69 65 98 24 31 95 83 32 14 75 33 91 49 31 15 65 58 5 21 85 67 2 99 8 48 59 4 54 66 50 17 43 69 73 27 37 10 40 97 67 19 67 39 85
73 14 41 19 95 56 82 77 4 84 5 32 48 60 89 52 50 76 66 85 6 66 2 34 83 57 82 21 94 34 81 5 17 48 1 36 1 34 22 40 16 53 54 99 90 14 94 21 42 78 22 6 49 20 80 89 77 80 65 45 5 42 34 46
82 15 35 82 46 86 55 5 28 2 70 82 80 89 27 70 47 48 57 14 53 28 32 8 58 30 49 80 83 78 91 44 70 88 24 48 37 30 69 83 83 50 33 85 25 8 0 12 7 78 46 93 3 88 88 55 19 87 55 83 29 94 71 27
76 8 13 60 21 42 77 93 49 71 86 49 10 93 97 5 78 3 47 10 44 21 55 83 49 74 10 10 1 77 63 89 56 74 22 98 15 86 41 67 4 31 79 21 90 0 91 82 81 10 13 97 58 60 64 12 32 61 56 33 91 30 99 4
85 84 77 13 58 85 83 2 58 61 67 27 48 3 85 88 74 48 28 70 9 54 72 95 87 52 73 66 47 23 29 12 59 55 6 36 75 12 14 51 75 84 70 30 47 45 99 7 9 53 10 45 50 27 33 0 26 76 30 70 47 8 31 71
73 2 8 52 41 37 20 45 17 7 10 32 3 24 61 52 77 31 88 53 1 76 87 80 90 96 85 15 27 39 98 50 80 99 82 36 45 2 41 54 52 1 87 42 29 24 90 12 21 58 33 43 80 85 95 83 91 23 46 29 63 29 90 98
89 27 98 42 82 39 7 98 9 7 58 14 95 40 84 88 36 59 32 10 84 80 80 41 98 17 87 51 54 40 38 98 46 35 37 21 49 19 19 98 16 60 44 97 57 46 41 78 1 80 34 87 63 32 46 21 61 84 59 87 73 28 42 48
55 47 89 49 87 89 68 36 28 20 54 6 73 17 91 84 49 64 59 74 39 74 53 74 64 52 19 71 45 53 17 64 66 48 92 52 80 66 3 84 69 0 86 69 8 43 28 15 76 13 71 78 69 28 6 65 93 89 53 54 78 39 73 33
76 91 98 17 70 65 23 69 2 88 3 76 75 56 15 60 91 88 39 47 31 84 26 83 98 50 6 79 84 25 59 16 55 71 56 6 27 29 95 69 31 12 76 33 21 27 11 8 38 97 77 18 52 95 13 66 16 54 12 58 39 46 56 76
97 35 91 22 38 40 36 0 33 9 31 5 88 81 54 29 63 8 21 30 33 15 6 15 64 8 26 14 96 40 74 80 94 60 82 63 60 7 5 62 32 45 75 69 98 36 47 35 17 55 28 94 41 19 76 46 14 22 8 9 7 57 36 64
51 27 5 32 8 68 32 27 4 69 23 37 8 26 89 71 62 98 33 6 95 87 74 86 44 12 33 7 38 75 24 56 18 78 8 42 75 51 59 74 40 53 36 39 34 57 19 56 95 90 19 4 34 79 24 75 19 78 28 40 11 66 50 89
66 89 62 48 34 45 1 85 34 26 83 27 52 59 40 10 95 19 1 34 18 2 99 94 68 80 84 86 24 78 84 16 77 47 26 34 96 23 32 91 67 77 54 27 24 28 65 95 79 32 57 38 23 91 5 35 2 1 33 23 66 37 23 37
23 49 96 8 14 28 26 22 44 69 98 19 85 56 51 35 17 73 25 63 86 96 79 22 96 15 1 30 55 39 6 6 14 72 76 75 19 31 85 51 77 76 93 93 76 78 97 51 54 33 12 14 22 83 4 30 91 14 53 11 70 36 42 84
42 77 93 46 82 65 58 48 83 14 15 86 39 60 7 58 19 47 44 68 85 25 84 46 72 21 38 70 65 75 39 29 75 52 92 74 54 41 35 84 62 52 56 88 4 24 22 68 0 67 88 35 41 90 37 51 7 13 9 45 32 21 98 20
12 45 25 46 76 56 56 85 15 8 37 4 30 30 70 46 8 9 56 73 39 19 50 54 20 96 33 89 9 98 29 13 94 29 58 8 68 99 51 7 92 10 88 77 53 49 42 86 52 1 99 63 28 33 76 86 4 88 66 83 85 74 1 25
18 18 36 94 38 61 63 94 20 26 46 53 83 19 16 51 84 5 47 60 95 33 45 63 70 62 55 21 81 13 94 90 62 69 89 81 34 37 20 9 80 48 17 95 48 52 79 84 99 64 83 33 28 42 51 78 83 37 70 33 96 32 93 97
43 40 97 48 54 92 59 19 90 67 0 34 15 36 1 51 60 63 1 75 67 84 3 65 82 54 42 69 68 54 56 54 86 10 97 19 6 39 50 46 68 98 63 90 56 64 45 89 87 77 0 25 57 90 13 95 14 86 91 82 63 62 20 26
98 58 95 53 61 75 59 81 17 13 75 76 25 81 76 77 97 9 39 73 95 83 96 95 33 26 74 8 72 77 17 44 7 53 4 88 2 60 89 52 75 86 15 25 35 32 57 54 50 31 51 95 21 30 16 72 46 63 27 6 94 39 71 24
93 39 72 0 64 62 2 27 2 52 2 71 54 14 74 20 61 30 96 67 46 65 18 84 80 88 48 46 37 66 80 57 67 56 83 36 63 13 0 33 35 57 67 69 66 61 58 77 63 25 68 62 85 33 6 83 37 47 77 30 20 98 86 70
71 0 84 79 92 30 92 3 18 17 51 52 42 89 82 80 28 86 48 67 5 29 36 34 85 73 43 42 21 18 92 96 21 34 57 90 28 69 1 12 66 17 25 58 6 55 89 85 39 63 87 20 32 78 8 75 77 77 22 40 32 22 9 60
59 67 55 38 27 23 36 93 35 31 1 41 97 97 1 27 11 29 88 61 14 39 76 73 29 55 33 36 61 73 44 52 34 76 39 87 12 85 95 73 14 75 75 75 42 21 72 38 60 36 75 8 5 97 93 32 36 79 10 39 81 34 81 14
42 8 72 78 8 42 78 4 8 72 15 51 92 85 29 17 70 41 70 38 47 69 59 60 97 78 46 19 55 52 71 86 94 82 27 34 33 93 49 55 86 8 85 92 55 47 46 2 64 23 9 49 1 81 44 51 43 60 71 59 72 38 27 53
21 23 96 41 13 12 80 9 56 30 42 43 61 5 84 22 33 25 58 15 15 66 59 46 10 91 56 42 84 49 81 14 57 5 42 0 17 54 57 81 47 94 63 85 83 11 9 43 0 97 17 39 11 38 92 38 93 8 77 93 0 95 76 30
47 66 93 9 69 69 20 37 54 44 34 59 4 33 29 97 59 46 44 52 30 9 91 53 21 15 87 28 54 33 55 57 14 46 98 37 49 94 64 88 70 22 31 19 44 16 77 72 76 54 89 6 26 41 76 8 13 96 61 93 34 77 83 0
0 21 17 99 8 51 89 60 33 59 66 83 66 45 17 85 55 89 58 55 90 48 71 29 44 54 4 57 47 71 88 66 72 26 22 61 47 29 76 98 78 79 80 92 34 19 62 17 6 32 8 15 72 81 63 13 51 19 26 80 9 28 97 5
50 93 54 20 52 18 35 75 70 1 47 67 43 52 36 85 40 6 58 95 28 53 86 0 20 12 60 98 64 96 31 62 92 82 24 13 39 84 78 56 79 84 6 29 23 44 25 81 18 45 84 44 19 99 10 48 47 94 64 14 36 33 88 88
5 76 6 42 22 12 6 45 14 78 65 8 45 58 11 52 40 77 34 26 66 81 55 97 44 6 99 80 79 86 93 29 9 77 17 37 98 33 29 99 80 27 22 25 26 2 3 20 83 10 88 92 25 90 22 65 40 46 41 21 75 91 55 24
97 41 45 21 83 79 29 74 54 5 37 18 8 69 35 70 40 52 71 70 83 45 98 41 14 23 42 62 64 87 18 39 98 71 41 66 72 34 2 28 2 44 17 35 68 23 52 33 5 69 81 50 92 64 51 42 19 68 41 78 5 67 29 94
27 29 10 27 83 9 88 49 89 4 14 90 3 48 75 25 91 81 9 99 88 7 88 88 16 17 20 46 11 53 10 40 76 59 75 52 69 6 28 75 47 42 97 99 28 55 26 87 78 59 63 20 79 37 42 43 91 57 24 15 56 22 47 6
91 79 74 60 55 72 60 51 39 56 91 68 51 83 37 97 18 73 14 93 53 67 22 63 84 63 29 30 7 28 25 8 29 44 33 43 79 26 37 2 5 32 1 79 98 72 78 9 54 63 65 46 21 30 36 49 40 72 74 91 43 45 2 90
55 83 30 54 66 13 20 87 71 94 54 32 67 35 24 82 49 74 2 70 48 63 29 45 1 93 39 17 1 24 41 97 31 90 21 44 29 48 45 27 57 94 99 82 15 81 40 19 71 81 53 78 98 5 64 32 40 14 25 48 32 2 24 75
86 78 9 76 93 58 13 51 51 84 64 21 89 80 94 8 81 95 96 73 25 73 34 11 26 42 23 11 44 47 1 73 37 39 37 89 3 15 14 26 72 35 47 37 81 33 84 36 32 29 30 62 1 62 91 71 25 31 27 98 60 14 25 57
58 44 22 70 24 10 82 78 94 73 15 80 93 22 59 78 25 9 30 70 25 84 8 99 93 95 24 24 91 35 94 98 67 21 14 54 50 57 88 13 71 20 34 79 14 54 26 43 69 76 46 69 48 91 51 41 36 82 41 85 75 60 66 40
26 51 49 34 16 95 80 36 76 52 29 29 25 46 89 8 65 30 57 30 57 24 99 19 42 39 41 15 60 83 29 84 9 69 53 54 54 47 60 10 45 33 15 44 36 88 85 20 58 22 66 67 84 81 48 16 36 27 50 64 98 29 18 79
1 4 41 23 52 26 10 16 65 2 27 32 29 63 25 35 76 90 59 58 77 34 10 26 38 26 80 81 30 34 76 64 46 52 0 76 26 41 31 39 62 27 24 87 73 76 89 9 14 67 15 92 32 24 62 11 34 65 68 39 64 23 97 88
82 32 24 48 84 21 8 0 62 80 71 26 29 25 16 43 36 76 28 62 83 69 41 60 78 82 15 3 7 31 91 66 58 77 4 65 83 58 70 34 49 69 33 96 32 45 42 4 51 62 50 76 48 26 36 75 50 35 52 32 89 81 55 62
94 92 68 95 26 27 1 24 46 53 22 44 83 75 39 87 90 6 15 4 10 87 47 72 63 40 6 96 80 73 70 15 83 58 1 59 18 46 72 37 64 70 32 37 43 44 1 14 74 52 85 86 47 35 27 15 83 44 43 45 50 64 2 4
96 63 16 44 13 85 87 53 41 30 3 65 66 32 64 6 84 80 42 24 42 86 0 69 82 58 44 64 42 81 20 1 19 48 54 14 88 16 51 13 8 79 36 56 58 33 15 47 23 57 51 67 5 76 39 74 11 88 71 36 81 5 81 19
