62 94 41 39 88 77 17 7 55 59 54 77 55 36 98 82 87 8 33 95 73 42 33 17 97 88 20 24 36 30 70 50 48 94 60 34 99 6 43 26 55 83 66 28 94 26 33 10 21 52 66 29 68 57 51 54 99 90 3 19 7 89 60 13 97 91 93 30 39 9 94 87 37 55 24 24 95 84 98 49 78 1 18 77 90 71 67 43 59 10 81 56 85 81 30 1 49 58 95 43 22 89 7 4 46 87 92 77 67 91 41 16 51 4 84 90 72 37 19 0 63 35 86 69 28 7 8 65
76 51 53 70 43 20 60 90 40 88 62 9 6 52 7 40 81 82 40 20 17 28 97 24 29 86 75 7 5 32 66 86 30 82 21 96 65 44 79 96 60 93 52 49 32 26 35 97 88 90 34 67 38 2 70 63 21 38 63 49 46 40 34 74 68 23 32 34 98 34 21 11 24 45 37 1 59 87 42 13 42 78 45 97 86 76 16 26 73 19 71 39 93 27 53 5 44 70 24 32 9 9 46 34 6 73 55 50 34 66 80 19 69 95 58 32 54 59 52 63 11 4 84 31 17 44 10 34
98 54 48 42 83 68 81 57 94 21 8 20 50 64 55 49 72 1 95 76 53 18 88 9 13 88 52 83 42 98 52 60 34 79 39 16 60 93 77 50 53 59 27 88 43 55 55 22 96 94 0 3 65 90 83 26 21 37 51 33 53 14 44 11 1 26 94 22 58 70 56 24 28 81 82 31 66 5 36 54 44 30 20 25 94 44 4 48 16 37 41 26 61 21 14 68 23 31 65 25 54 24 89 66 93 80 98 63 23 46 87 96 58 20 76 89 69 80 34 10 27 62 51 53 73 15 88 22
93 64 41 5 7 12 43 31 71 42 23 69 90 12 25 51 10 69 58 47 91 32 55 66 81 47 96 38 67 99 0 29 65 28 64 3 25 0 11 78 94 5 90 20 2 16 82 86 97 94 32 60 17 62 77 76 52 43 43 50 61 88 91 40 71 49 34 73 90 70 77 57 88 17 23 4 67 82 28 93 86 29 90 60 41 47 65 28 1 99 81 47 18 61 27 42 76 77 84 39 41 68 88 63 22 89 3 87 43 39 59 6 81 72 12 61 70 3 67 30 61 34 16 39 24 38 59 17
68 7 60 96 99 72 56 43 69 66 24 16 80 96 44 52 82 80 68 10 50 7 4 16 73 66 51 88 14 39 39 96 64 31 13 70 63 44 15 47 86 49 16 59 67 76 46 53 94 11 33 15 76 6 2 99 86 55 76 13 57 27 4 68 8 95 16 15 0 6 99 32 32 70 1 17 82 86 94 89 18 46 56 9 23 90 83 58 40 27 70 15 75 6 61 30 41 67 89 38 89 45 76 8 98 45 80 15 48 4 79 17 86 82 23 62 80 58 26 73 18 86 13 7 77 31 65 6
35 60 16 41 76 71 22 49 18 48 51 92 52 27 22 29 13 5 21 44 5 89 92 77 48 83 22 22 80 40 59 11 2 14 68 58 7 42 94 26 3 94 37 89 95 30 22 26 55 25 26 10 57 11 99 67 31 97 53 16 16 15 54 95 44 91 78 94 68 14 12 81 62 81 63 12 94 43 76 62 65 45 73 11 3 45 60 98 68 52 71 60 40 99 33 14 81 70 40 65 24 5 61 43 4 31 20 9 1 61 71 90 15 0 1 36 13 62 99 8 81 31 91 12 97 39 96 74
10 85 30 51 93 61 73 94 34 71 87 71 63 44 11 61 38 88 77 82 87 82 85 73 16 58 59 49 96 23 47 59 78 5 29 16 84 9 59 44 89 33 31 99 94 38 0 59 79 36 19 50 85 29 31 14 41 81 59 61 80 23 62 58 11 90 67 39 69 53 69 4 17 41 53 17 89 84 84 22 40 70 36 10 60 64 43 77 68 93 70 33 53 22 7 80 68 41 35 74 23 50 12 95 27 15 24 96 30 92 72 75 99 84 75 85 44 43 50 30 88 2 59 97 12 31 95 4
91 91 35 47 78 91 98 26 94 89 65 84 41 84 78 13 35 22 50 57 22 16 33 80 99 29 81 97 9 26 18 25 10 34 51 76 40 65 53 88 12 54 27 79 75 78 54 53 74 40 46 4 18 76 5 17 1 1 49 48 44 76 9 77 41 20 55 1 63 66 89 27 68 77 95 28 84 15 48 79 7 94 75 13 97 17 56 96 60 92 37 17 71 84 12 82 88 75 13 17 86 26 21 85 44 3 55 72 18 96 62 11 87 98 92 17 68 11 49 97 36 8 77 27 67 66 51 38
85 14 41 95 94 24 32 69 93 91 96 48 59 55 36 7 24 24 89 69 41 65 74 78 65 91 82 80 10 55 15 45 8 16 64 54 62 66 39 92 88 15 15 16 25 79 8 35 47 58 82 69 23 77 84 56 21 39 3 18 43 43 66 87 97 58 3 89 38 84 12 96 81 28 2 68 99 77 77 62 97 23 5 58 10 15 4 55 90 8 24 13 36 91 74 0 22 45 51 97 22 51 90 46 88 74 52 37 21 32 86 21 11 85 68 98 55 92 86 65 11 38 91 42 8 26 5 24
14 23 58 66 5 23 75 70 88 10 16 93 42 84 58 84 55 73 7 85 34 81 71 86 82 34 30 1 2 56 50 61 61 38 85 82 33 28 91 37 35 48 62 0 27 79 27 7 2 27 60 28 94 74 81 71 31 82 18 1 6 60 41 50 44 22 18 98 16 75 24 54 64 72 71 58 79 4 18 52 79 91 43 21 37 30 79 84 17 11 8 77 72 56 83 20 22 75 4 40 60 77 27 36 81 1 87 35 88 99 31 22 42 64 99 67 32 70 75 55 54 31 89 89 76 65 42 60
16 44 43 18 46 78 20 46 74 9 66 9 24 17 19 27 49 18 43 68 66 9 30 21 0 22 92 37 88 53 22 73 20 66 25 46 18 6 25 83 5 16 14 10 40 61 79 90 24 74 40 66 38 15 70 15 40 32 96 34 94 1 95 83 44 88 12 36 58 66 88 74 95 79 95 20 1 33 63 11 30 55 49 14 89 25 97 56 39 13 16 66 45 53 45 39 90 70 45 55 71 1 91 34 29 15 93 23 59 72 67 62 91 76 50 12 91 77 9 28 65 82 53 61 85 93 58 7
65 92 45 25 23 67 0 35 94 63 20 60 38 3 61 44 75 20 67 5 76 2 39 83 52 52 72 91 96 64 59 28 16 92 29 74 73 88 64 2 22 10 14 27 53 88 14 35 16 90 92 50 42 43 29 59 21 25 31 1 93 68 42 77 60 29 14 17 78 44 61 28 18 41 54 30 85 79 47 99 73 36 59 75 32 84 19 79 41 28 85 1 97 69 35 26 82 41 59 15 39 19 73 98 35 48 77 30 83 0 70 94 34 36 45 28 76 17 15 21 58 65 61 79 30 55 88 84
86 0 55 38 30 27 92 18 45 83 70 64 21 23 83 27 85 20 57 25 45 14 40 30 23 99 91 66 48 58 70 46 70 91 96 98 5 84 8 11 79 2 75 67 5 79 83 73 18 58 37 11 22 42 89 65 84 21 59 89 42 5 38 12 86 45 61 89 43 4 27 89 55 81 16 73 63 80 50 16 9 82 65 46 97 71 68 40 58 87 83 12 23 75 50 30 40 53 65 92 1 85 1 21 58 34 86 36 80 29 1 64 42 9 98 77 16 49 47 35 78 94 60 25 32 75 68 73
79 52 53 7 50 72 72 18 32 31 46 42 27 21 8 13 7 9 27 15 58 22 94 6 28 7 96 2 28 67 4 49 40 31 47 48 39 52 0 2 36 91 92 36 24 82 22 84 5 5 16 10 71 7 15 27 84 88 70 29 76 56 48 76 11 2 47 66 8 93 70 74 11 40 32 28 99 96 2 63 91 32 55 99 89 80 87 94 39 80 35 49 24 3 46 59 92 11 63 24 71 17 39 99 37 66 12 45 22 79 20 71 31 12 61 22 64 54 17 45 15 85 59 71 80 5 24 2
34 94 98 14 10 81 38 44 63 79 17 79 69 70 65 41 16 94 61 30 19 5 39 11 90 29 0 71 66 6 95 0 24 38 89 17 65 7 53 82 43 22 92 40 46 41 78 27 3 76 95 69 51 4 32 23 73 74 55 8 30 23 70 98 71 66 13 66 27 38 1 97 71 75 99 14 6 25 46 57 17 7 72 70 84 0 30 34 31 13 92 8 63 34 87 17 34 0 23 24 33 85 34 29 60 85 48 86 95 48 9 15 9 80 70 25 74 67 83 82 8 32 5 90 92 90 5 23
38 84 35 51 24 14 35 36 85 1 90 57 63 18 30 47 25 42 96 96 8 3 35 93 66 9 7 42 32 84 0 38 4 7 33 94 31 82 14 78 20 28 44 55 90 39 80 27 90 61 13 3 23 62 46 79 29 89 77 68 47 16 78 60 97 24 84 84 80 90 57 55 86 64 19 26 96 0 60 37 95 7 5 30 38 95 59 16 76 25 91 54 33 39 42 21 78 52 25 51 73 67 95 24 31 43 37 9 96 44 45 39 88 13 79 20 42 48 38 55 54 18 85 93 49 69 27 39
63 38 75 43 64 8 36 34 32 5 4 30 72 76 35 39 23 76 39 31 38 44 86 2 18 96 55 76 32 8 9 26 44 16 66 58 23 29 44 55 79 6 20 61 26 24 13 20 63 69 69 44 37 46 82 39 63 91 57 64 20 47 80 76 83 93 13 76 67 74 71 81 31 75 14 68 9 23 54 66 50 17 79 71 59 83 79 84 2 88 98 4 90 73 2 80 71 79 3 87 72 87 33 97 65 63 65 39 74 2 90 79 0 82 0 12 38 88 25 41 99 19 50 48 96 58 64 18
19 99 15 16 60 28 82 78 57 90 57 91 82 45 56 83 7 54 0 74 58 27 16 78 97 0 23 76 41 77 78 38 75 80 45 96 91 87 53 57 27 32 34 49 23 25 52 84 54 42 11 23 23 82 18 48 71 28 35 26 97 14 65 19 59 90 95 97 21 95 32 6 32 90 46 57 4 15 53 86 27 45 45 95 64 85 27 52 29 97 82 45 27 15 96 37 24 61 9 22 46 3 80 26 63 1 7 93 55 45 29 94 57 41 41 41 89 59 62 61 11 17 8 85 89 94 7 19
3 99 92 77 94 45 12 21 7 25 94 33 70 4 36 80 95 79 54 34 34 57 3 64 40 86 95 70 65 31 46 19 71 88 44 87 40 35 81 17 95 2 21 81 46 88 83 40 49 14 57 61 2 63 27 49 93 96 54 4 27 65 28 71 7 99 49 96 64 83 61 4 19 86 94 98 12 22 82 6 21 27 13 24 82 29 44 46 94 27 58 14 47 16 37 43 96 55 18 33 34 11 31 86 3 71 80 9 25 98 4 60 26 91 85 43 72 27 37 72 26 77 85 54 87 27 61 24
51 26 69 96 74 53 70 1 12 38 9 75 82 63 2 82 53 33 27 26 21 54 29 60 27 3 14 13 61 52 67 14 71 94 80 50 67 29 36 68 37 8 58 87 79 37 84 70 29 42 34 32 85 57 74 94 8 81 63 58 74 30 66 15 0 88 77 35 78 97 95 33 58 96 70 10 2 15 35 4 45 28 88 66 82 31 11 99 46 82 62 62 75 29 53 56 14 68 74 62 19 73 14 52 41 79 86 76 21 17 11 9 83 78 7 98 78 19 30 23 63 24 78 4 98 90 20 29
38 99 22 9 22 5 67 19 82 14 74 63 66 56 42 10 58 31 80 89 24 27 83 0 90 36 33 4 24 53 75 43 27 82 46 91 57 71 83 38 90 71 25 18 92 49 97 20 51 6 3 46 49 57 79 4 77 41 32 4 33 98 6 42 96 25 8 77 48 72 61 19 73 96 92 57 74 68 96 68 76 52 2 95 80 40 58 47 84 54 74 93 93 50 7 54 54 4 42 79 63 46 84 34 49 34 56 50 46 21 44 66 76 59 94 18 2 49 54 26 92 41 79 43 72 59 90 82
35 88 26 85 77 27 44 54 85 14 16 94 3 61 45 31 1 54 58 56 63 53 49 19 33 77 28 20 10 26 56 47 75 40 88 2 49 35 80 54 15 68 74 85 99 18 92 54 40 33 36 51 29 14 69 56 44 48 41 8 26 57 84 40 98 72 50 22 4 83 60 61 17 64 38 47 64 31 57 69 18 49 14 6 56 4 9 67 75 22 30 9 40 90 69 95 20 43 32 85 21 31 76 87 95 64 26 88 38 11 61 35 71 46 68 15 87 54 45 21 75 71 55 72 61 71 4 54
17 38 76 20 7 72 71 60 73 92 66 25 70 64 49 53 94 81 45 26 8 98 33 67 15 45 75 86 20 57 36 78 85 49 35 73 14 2 92 41 86 95 33 81 23 42 4 76 70 17 34 61 22 48 20 66 22 10 89 89 83 16 62 96 80 0 18 84 46 81 40 56 67 83 71 66 73 37 97 26 47 43 95 83 64 76 69 47 9 26 77 84 79 77 24 18 4 67 13 81 87 84 76 40 14 37 63 76 98 35 21 44 59 22 67 91 26 36 56 66 83 28 87 5 71 75 99 42
37 59 74 37 25 39 60 32 61 52 70 35 57 22 49 22 19 53 14 18 3 73 66 23 82 73 9 47 22 56 79 46 77 66 25 27 9 7 13 75 13 43 93 46 73 20 3 69 1 78 33 51 36 45 8 92 85 3 54 27 84 85 60 27 74 50 16 55 3 48 45 70 43 66 73 49 64 70 33 38 66 51 28 97 34 1 87 41 73 81 21 89 96 58 69 5 14 48 67 68 48 19 46 87 83 36 50 98 98 88 37 66 80 98 44 48 59 44 68 99 52 93 91 5 96 0 69 57
4 27 29 83 92 66 6 43 75 45 99 6 6 46 95 82 97 63 62 85 9 61 85 10 25 50 23 18 79 43 64 26 52 49 49 61 49 50 19 77 71 29 99 79 87 99 34 88 39 25 64 18 57 87 78 56 57 92 56 95 81 83 11 84 1 68 16 11 48 89 75 78 27 15 23 68 76 17 79 27 26 7 47 69 94 41 88 16 54 21 68 24 51 48 71 30 89 61 43 91 49 58 8 75 27 0 87 38 93 60 86 84 67 82 78 17 70 25 30 85 23 31 48 55 84 47 37 61
54 26 42 77 14 1 9 74 50 18 53 60 15 64 10 97 48 40 14 85 44 72 51 52 72 66 22 71 81 50 42 54 25 53 58 41 81 86 77 12 76 93 16 71 30 59 0 61 81 36 29 96 50 58 84 49 1 52 87 8 50 6 93 48 62 27 90 46 89 35 47 6 69 52 17 92 39 79 36 55 44 32 39 42 25 2 70 45 6 22 84 24 87 21 28 19 26 4 95 66 82 24 95 91 60 55 15 92 0 3 90 97 71 23 0 28 75 77 10 28 71 36 47 14 99 74 79 12
88 21 45 45 13 50 43 90 13 67 3 47 32 20 12 1 73 3 74 50 44 49 66 12 23 11 9 21 58 53 94 4 7 82 23 35 24 54 35 44 74 42 2 10 53 78 91 42 18 9 15 32 28 30 29 89 69 76 37 21 9 56 90 95 14 32 84 40 33 1 38 8 82 48 47 64 96 88 65 23 92 30 78 53 60 8 86 46 41 99 99 93 55 1 88 35 90 44 17 76 29 72 54 76 42 72 99 89 19 68 31 73 90 22 85 91 35 81 51 49 39 82 37 71 37 48 5 91
20 11 90 9 77 82 1 44 93 47 63 7 20 10 3 75 93 67 76 12 31 77 55 21 74 54 68 19 80 3 73 79 71 56 72 10 96 61 23 63 3 39 88 17 75 61 67 16 80 74 86 41 41 0 3 27 17 98 34 16 40 92 90 77 34 91 52 83 39 48 47 8 19 5 10 47 61 71 96 54 2 46 2 85 23 21 55 29 69 17 70 17 23 34 95 14 89 95 23 34 29 26 15 25 22 24 2 70 68 94 94 15 67 0 33 55 7 59 15 1 68 33 18 85 19 91 15 47
87 74 6 87 4 54 3 4 79 47 63 30 90 7 68 82 77 82 50 77 52 69 44 93 18 36 43 54 78 51 74 68 46 17 77 67 79 31 52 48 34 81 61 56 76 17 6 49 81 39 82 92 95 69 90 55 52 76 76 31 96 92 79 60 31 99 31 67 28 85 50 5 41 58 20 78 35 46 97 82 98 37 75 95 35 50 57 90 47 50 10 61 93 50 10 17 6 85 4 41 77 9 13 69 18 64 51 57 32 6 45 51 79 3 38 64 30 89 91 56 53 72 55 20 89 14 71 4
34 68 66 95 50 16 52 92 81 97 85 94 87 97 33 71 74 28 60 89 69 31 60 29 83 26 14 25 98 37 18 61 62 18 67 85 11 85 37 73 35 90 91 93 52 14 35 7 52 47 25 33 14 32 60 40 30 38 23 90 43 72 4 3 81 88 20 80 32 10 83 0 84 78 65 90 17 15 60 87 91 78 53 86 36 67 23 50 59 65 28 91 25 97 59 62 95 71 33 53 42 63 85 56 85 70 36 48 75 19 72 64 57 31 79 85 56 16 2 41 90 78 53 8 38 20 58 51
28 84 41 0 97 17 1 89 5 55 84 86 17 29 13 97 96 99 58 38 50 37 36 76 15 79 2 84 93 69 73 64 70 72 99 30 85 68 86 48 1 42 29 23 14 21 29 59 40 57 97 21 21 96 55 85 9 61 50 29 74 7 86 86 88 99 50 55 1 87 37 92 64 29 69 59 40 86 50 48 48 45 54 50 10 36 26 14 96 62 13 33 5 36 16 22 51 87 71 47 30 33 5 57 19 10 49 17 23 47 83 29 2 96 2 52 43 28 6 65 39 58 54 94 79 49 77 99
88 5 53 63 10 11 80 72 20 71 93 67 88 70 90 36 26 58 49 25 85 34 48 9 68 62 62 46 36 9 80 17 29 4 92 6 69 28 68 1 0 37 79 15 90 29 14 53 6 64 42 98 48 89 67 59 96 49 49 15 77 99 17 35 57 58 33 41 91 60 98 54 79 82 71 85 14 84 94 74 39 10 49 52 92 99 58 59 97 35 77 85 55 84 34 89 30 26 18 37 71 41 97 79 9 82 39 19 59 83 52 14 92 22 56 5 99 68 82 54 90 89 40 51 47 39 75 9
63 76 53 59 66 82 33 25 77 58 96 57 87 81 19 41 82 59 45 83 30 43 0 83 4 80 89 27 13 70 33 68 83 76 86 17 42 21 62 76 42 17 12 77 67 34 37 85 25 62 85 3 97 4 48 72 24 23 57 10 10 13 76 31 84 99 23 24 0 55 54 96 20 64 32 83 47 59 96 51 4 8 76 96 31 29 53 24 11 40 34 9 5 2 4 14 14 9 91 2 42 76 31 33 91 15 35 31 66 28 66 68 55 46 96 20 71 91 35 61 61 17 56 82 12 96 98 72
21 62 75 4 28 67 17 27 1 88 21 51 97 24 57 83 38 73 22 79 3 0 76 96 64 3 92 69 30 51 24 65 18 43 1 92 6 36 20 74 63 51 67 69 32 71 48 30 83 71 82 42 70 70 13 94 1 83 85 57 23 5 80 95 18 89 28 45 97 16 70 60 92 7 88 27 66 57 81 15 2 79 62 88 85 10 9 21 53 46 91 28 77 73 81 10 14 21 70 79 64 68 72 36 21 68 0 26 91 5 84 9 15 66 35 46 89 80 15 3 16 3 67 83 96 79 35 77
77 53 22 36 80 85 83 36 77 5 54 43 73 51 72 50 66 22 78 78 14 21 88 93 90 86 3 47 95 54 79 88 52 23 23 54 17 89 74 5 71 99 41 19 85 62 29 39 88 83 72 15 66 90 41 3 16 10 6 88 70 4 93 61 66 22 81 70 84 83 90 35 62 35 1 39 29 77 75 58 46 92 54 88 70 12 65 0 30 94 62 70 59 56 95 22 19 55 58 45 14 11 28 90 7 7 63 37 25 73 93 34 38 97 23 76 78 67 21 48 97 68 52 56 48 82 33 76
2 20 88 69 66 57 20 92 93 0 54 54 87 32 77 51 68 0 49 89 89 16 62 64 86 61 52 44 8 82 42 8 91 14 90 69 43 66 12 92 0 36 27 87 58 82 49 51 91 3 25 71 96 71 39 9 51 1 61 68 53 96 31 7 71 78 7 14 94 99 83 91 91 52 69 80 77 47 37 99 58 54 61 84 99 75 53 39 98 59 39 53 61 48 98 88 46 25 11 56 55 8 70 14 24 55 95 28 21 81 20 54 51 90 90 79 7 16 41 96 85 47 59 39 0 5 14 47
93 0 46 21 84 63 18 71 88 12 19 12 32 71 80 80 24 77 13 31 52 85 16 76 99 88 67 26 5 59 48 38 58 87 39 90 1 54 71 73 22 11 24 26 88 5 7 50 7 25 86 21 71 32 23 15 64 19 74 9 91 16 47 27 25 88 49 43 35 21 16 75 68 86 97 70 83 85 80 2 98 73 78 59 96 8 23 68 81 92 63 53 6 54 45 14 40 8 42 27 61 83 3 56 4 27 46 81 52 42 56 93 46 30 4 19 72 71 47 89 26 44 45 7 59 99 73 38
72 20 95 69 67 79 8 37 43 57 79 59 13 10 9 61 81 58 66 10 56 15 43 40 39 14 77 82 78 67 92 7 0 71 81 76 9 6 54 4 57 40 52 63 6 18 79 0 15 52 79 14 93 72 53 25 8 84 5 99 59 79 49 93 20 23 89 24 87 67 43 37 83 32 0 49 79 0 51 83 44 31 77 49 42 90 16 32 16 54 37 32 69 91 36 81 28 19 65 18 18 37 94 47 4 55 71 40 4 22 72 6 12 64 65 91 91 6 88 6 88 40 57 61 73 31 38 72
64 3 77 63 59 66 11 91 79 87 53 29 52 35 41 33 90 4 11 53 49 92 65 62 12 79 62 84 86 94 35 8 95 98 70 92 23 64 25 42 23 49 64 25 52 7 87 10 55 37 6 38 9 94 10 10 57 72 93 49 7 40 83 7 49 20 54 23 12 69 97 27 52 13 69 22 22 22 92 98 25 9 34 53 0 9 17 98 71 77 52 53 99 98 53 52 82 0 54 63 58 73 90 2 82 18 55 23 70 23 86 53 16 52 79 36 38 63 84 37 66 81 11 1 2 93 77 18
8 5 53 32 96 56 56 27 43 65 58 11 89 1 80 35 92 77 54 36 48 19 1 83 49 29 97 58 76 72 27 4 75 41 87 59 28 24 7 65 62 35 60 30 51 35 2 94 96 78 29 86 21 13 17 52 27 81 12 97 86 19 97 11 17 89 26 46 75 66 33 30 50 10 40 13 19 97 34 6 83 65 73 49 89 11 47 55 61 66 77 50 0 64 32 25 9 58 58 15 84 56 81 60 9 70 3 14 49 77 83 75 33 2 3 58 2 91 16 69 80 54 52 58 49 8 18 30
92 76 74 67 60 72 94 68 6 60 25 53 66 39 18 18 86 16 65 47 59 63 64 24 5 21 18 85 61 67 26 84 16 7 80 21 79 58 65 89 37 76 70 23 49 19 73 82 16 59 52 48 63 0 23 93 61 53 15 56 60 84 46 96 88 9 65 66 56 37 74 13 11 12 8 67 57 98 54 19 40 70 10 64 44 33 23 25 80 38 28 62 24 2 77 87 90 66 29 63 81 59 60 37 43 41 18 56 55 53 52 19 86 59 0 59 10 74 50 11 39 68 27 11 98 38 81 39
2 1 85 27 16 33 30 59 36 79 68 63 48 98 31 53 93 4 13 18 48 30 68 90 81 24 49 30 15 41 78 3 99 5 19 52 34 75 12 71 9 90 89 17 54 3 29 78 86 60 69 78 45 74 10 12 12 90 71 19 76 51 94 77 66 77 78 68 79 63 24 30 98 50 11 61 89 95 99 99 16 98 83 25 83 62 56 9 58 2 74 31 65 46 45 30 87 66 33 78 53 61 53 77 74 63 98 98 2 58 69 10 41 6 84 64 77 24 94 77 45 51 16 18 27 59 44 38
68 47 65 25 81 79 88 77 30 85 85 36 50 45 23 24 70 73 37 75 44 81 44 29 1 29 86 6 53 5 93 25 64 33 32 98 64 56 77 62 45 76 36 0 60 54 71 65 67 83 72 56 31 69 18 75 64 5 21 48 22 39 73 83 69 73 46 3 36 6 13 2 11 94 67 97 26 75 5 73 97 34 10 4 30 24 84 89 52 97 99 78 47 50 45 52 75 78 72 90 74 88 14 58 13 44 29 72 28 5 85 16 63 55 31 4 58 75 0 23 78 40 44 11 65 69 27 99
61 10 10 23 31 82 68 18 94 96 99 42 68 93 27 53 25 96 8 27 45 82 83 94 35 47 26 94 50 54 39 0 97 7 64 86 65 72 76 98 36 55 61 77 94 8 63 63 72 65 25 60 81 62 72 70 70 35 86 17 94 42 50 47 11 37 61 60 58 31 42 89 36 5 40 55 53 18 6 45 88 43 49 99 49 95 25 39 99 65 41 89 86 17 50 54 25 26 12 17 51 10 13 30 49 77 46 0 15 67 68 29 50 22 18 82 67 37 73 39 82 77 82 0 51 23 42 68
59 0 82 69 19 89 1 56 47 1 76 65 68 20 6 85 8 2 41 50 55 60 8 6 53 0 25 34 41 70 10 8 40 30 23 89 83 39 61 19 6 4 49 92 96 79 64 65 7 21 30 4 25 49 3 4 66 28 32 76 51 80 7 45 42 83 78 82 37 44 91 94 82 30 44 77 23 37 45 96 91 84 66 4 78 78 63 26 45 18 97 63 64 84 35 47 69 46 69 61 49 9 96 94 71 47 6 74 73 19 98 64 31 12 40 50 9 31 19 14 91 75 53 49 91 90 70 24
59 92 18 12 32 20 91 83 71 87 4 63 66 30 33 95 18 16 62 68 82 54 66 42 21 95 98 94 28 95 39 84 68 88 70 19 66 38 47 34 86 86 23 23 58 22 54 3 74 97 43 73 5 89 38 37 51 9 63 17 19 61 8 71 47 43 65 15 99 74 36 39 5 4 98 83 23 71 90 21 66 50 34 88 93 8 21 53 32 30 30 27 20 29 66 20 29 88 18 1 51 24 85 6 20 36 33 1 91 98 70 93 6 76 7 37 40 78 41 26 11 36 71 69 43 25 29 64
82 79 29 46 1 61 10 20 4 11 26 2 48 17 73 55 96 57 16 82 65 40 65 16 74 30 0 57 80 38 5 84 17 2 42 27 77 75 60 97 13 94 79 40 40 55 25 48 91 42 23 91 17 76 78 23 71 23 20 3 36 42 57 69 78 13 0 1 35 13 84 1 84 44 25 77 60 0 54 72 69 9 86 53 59 28 96 22 12 18 41 29 23 32 64 21 10 57 71 45 22 66 49 73 91 26 38 94 7 87 96 20 89 76 6 71 85 13 77 57 62 52 56 27 66 59 63 96
66 78 33 44 17 64 34 47 81 24 33 27 47 12 97 90 64 36 47 19 13 62 53 39 26 25 20 76 99 64 60 16 60 32 53 80 65 90 72 91 21 97 35 47 34 10 85 3 15 32 20 88 18 38 85 88 20 49 42 73 77 45 0 70 28 9 99 34 63 75 34 66 44 31 52 54 88 90 3 11 37 1 90 48 91 56 62 48 98 70 31 75 45 33 14 92 41 75 13 16 49 82 81 33 54 39 34 25 49 75 45 19 31 58 46 31 46 74 38 33 48 49 35 34 49 2 33 72
27 18 29 32 84 93 24 89 33 95 68 32 53 90 52 9 36 58 66 89 59 62 56 4 78 30 5 57 97 26 46 28 23 31 41 67 77 21 79 84 62 60 32 87 37 41 68 29 39 68 7 49 82 77 75 45 27 10 20 31 94 67 26 54 11 77 98 67 43 10 72 66 24 6 37 99 56 18 44 66 17 3 36 64 90 15 98 43 16 1 9 59 63 6 91 78 65 27 60 31 76 21 33 62 46 53 64 54 10 21 72 49 48 18 0 70 68 84 72 89 46 41 84 96 43 79 85 81
4 87 84 50 46 90 35 38 9 41 16 83 17 2 84 50 88 39 30 8 66 27 60 6 67 18 57 14 35 40 94 41 63 37 76 83 93 42 85 87 85 62 56 94 58 13 95 20 50 95 56 95 56 92 59 15 23 10 31 55 8 61 52 65 29 96 96 81 74 31 57 7 25 65 67 11 59 73 7 86 80 93 5 0 93 9 10 96 24 15 82 72 48 12 88 51 77 27 80 97 18 37 64 30 9 62 16 61 8 56 45 82 54 77 2 97 25 46 52 56 59 2 61 76 69 99 77 42
28 81 64 97 16 39 27 27 67 15 58 23 78 49 28 56 11 33 99 57 39 4 11 26 23 79 28 98 0 87 4 43 79 23 18 71 95 19 30 34 75 61 13 89 56 41 62 41 40 95 6 70 45 37 79 52 20 63 4 85 18 58 4 6 34 19 23 11 3 14 60 37 54 81 50 50 33 2 72 86 22 7 23 98 63 64 1 15 66 73 72 9 73 20 89 55 52 70 90 18 21 85 16 82 32 72 91 40 39 92 39 71 81 87 64 87 53 42 48 99 47 7 17 66 56 99 7 10
6 66 99 44 18 96 93 80 70 72 35 15 23 52 51 92 75 77 38 36 68 82 34 11 94 46 89 41 46 57 0 99 23 44 93 18 90 27 51 78 81 65 67 16 37 73 62 2 14 24 4 93 11 32 90 93 8 55 90 47 49 33 91 95 76 49 75 51 59 34 42 2 65 62 0 33 62 40 53 17 30 93 88 28 44 84 94 73 13 55 23 14 80 73 73 70 25 23 86 27 67 99 62 30 90 53 48 82 9 83 91 26 11 32 95 70 63 86 61 8 78 66 11 16 46 32 30 22
7 42 27 14 59 95 40 41 40 51 23 79 93 61 27 52 44 52 38 35 48 11 6 19 36 88 83 81 17 74 4 35 14 91 28 14 66 58 67 50 9 6 42 81 73 93 26 48 5 36 75 52 57 82 1 79 14 55 49 45 92 37 80 78 37 61 67 29 83 99 1 9 8 53 43 86 92 44 68 28 26 75 74 67 48 90 8 23 61 46 5 80 2 48 42 9 66 70 39 65 62 7 50 96 67 7 44 17 68 67 86 19 32 53 32 14 48 35 93 90 0 68 8 53 3 45 96 69
94 70 58 54 97 10 33 99 77 93 28 66 89 71 31 57 61 86 70 37 94 97 73 61 41 19 48 29 25 58 43 51 0 88 29 9 56 34 97 58 84 62 73 74 32 20 33 61 51 81 13 0 27 39 76 95 71 27 38 5 74 13 70 88 87 90 93 54 80 0 44 8 80 61 47 67 98 51 84 72 79 95 95 18 63 78 24 32 75 56 67 84 41 78 33 34 93 75 48 57 43 84 71 70 98 65 80 43 0 47 93 12 32 21 21 30 45 84 7 30 43 45 93 17 59 54 27 84
59 90 4 76 88 51 31 49 91 1 50 85 14 33 88 73 86 89 29 34 15 28 44 86 87 74 62 65 39 90 84 36 37 15 75 47 17 18 9 30 94 94 30 55 47 2 78 6 46 23 94 20 20 23 17 58 70 64 9 36 46 45 53 54 5 12 43 67 46 6 43 97 38 14 60 86 64 72 18 57 86 23 17 75 28 51 47 60 88 69 75 99 69 86 27 92 31 32 43 39 98 9 84 6 91 81 56 85 19 19 12 35 80 95 43 96 4 97 43 8 94 2 31 32 76 98 73 4
50 6 65 77 93 86 30 57 58 1 41 48 14 90 98 86 23 62 72 42 7 13 70 90 9 42 12 59 58 5 52 4 38 46 98 4 82 81 51 2 31 91 4 17 70 36 65 77 35 56 72 32 32 67 65 72 20 38 93 8 33 38 14 55 81 36 70 13 17 58 7 90 84 80 81 74 65 75 22 63 73 37 27 91 2 7 56 24 91 60 56 73 7 9 36 72 61 28 71 30 25 44 55 9 1 72 88 16 1 25 71 57 88 59 82 16 68 87 5 58 69 70 65 21 35 6 51 6
84 3 81 82 32 14 91 35 93 73 9 95 56 27 97 77 27 37 34 99 42 7 40 74 29 22 82 89 46 39 78 19 40 11 75 88 57 81 16 60 11 65 3 56 56 11 54 63 46 86 60 73 61 94 20 68 98 8 31 91 35 96 7 26 45 32 56 62 28 0 59 19 50 27 26 88 71 22 46 58 70 5 76 54 44 10 89 0 60 77 75 56 23 5 89 24 88 81 40 34 15 92 14 64 45 60 79 20 33 36 98 20 85 4 77 30 58 64 81 51 38 81 80 72 52 90 16 80
52 0 90 81 15 69 36 47 21 19 56 78 97 91 11 57 12 64 53 81 32 41 71 65 77 19 86 38 79 59 60 52 6 6 77 70 29 73 83 61 41 11 70 78 80 66 33 9 86 66 97 95 59 55 4 47 37 27 98 60 2 5 40 19 20 71 45 95 55 82 63 65 33 18 53 73 68 12 82 32 13 59 11 48 89 95 82 65 96 25 31 96 72 35 31 53 39 89 65 31 80 16 56 75 11 35 10 89 45 43 13 89 66 58 49 67 16 44 7 69 77 5 91 89 88 29 89 3
35 18 13 85 81 55 85 35 0 87 93 50 5 8 60 60 55 56 33 79 11 33 59 42 27 22 34 23 49 95 28 20 86 41 40 22 84 4 43 81 72 0 37 18 9 75 24 17 39 92 27 35 87 82 59 36 56 69 79 29 96 96 94 3 55 87 90 21 30 94 71 37 53 35 79 10 89 3 30 34 91 99 45 62 60 76 32 10 29 57 6 32 36 3 97 55 52 79 22 76 67 99 46 88 9 29 63 92 89 68 59 72 93 34 74 22 93 50 86 36 23 74 71 18 30 65 85 77
73 84 53 48 78 10 17 34 16 32 88 45 64 88 93 87 48 21 94 34 2 52 5 64 11 55 20 56 91 55 27 5 49 7 11 89 19 35 70 38 56 97 70 73 28 91 76 81 17 0 49 18 40 72 36 84 48 29 13 84 78 75 94 31 96 62 4 71 0 49 7 6 47 14 56 23 65 10 52 67 44 45 12 75 82 24 20 11 12 35 74 74 35 99 68 30 39 89 16 37 0 17 71 79 70 46 19 88 65 2 90 7 43 63 31 88 15 22 71 93 28 65 86 14 17 60 1 67
34 30 96 80 47 71 75 91 83 29 74 79 1 59 15 83 93 90 62 18 5 52 57 52 36 26 54 98 19 4 37 3 54 12 31 34 43 28 68 43 72 7 51 76 99 32 82 77 62 43 29 38 76 55 19 40 31 58 40 68 87 88 85 87 64 31 74 85 9 57 79 70 2 6 91 25 76 45 29 30 61 42 34 74 31 81 84 94 32 72 20 64 93 15 87 31 38 95 38 99 19 55 17 89 84 43 81 30 96 66 22 62 12 82 90 93 53 81 14 12 50 95 35 12 2 39 90 92
27 25 52 27 87 26 99 13 55 62 31 31 50 47 56 32 48 13 51 91 95 62 63 57 67 16 60 75 91 98 1 7 94 29 41 32 94 8 14 94 15 76 83 20 57 71 75 16 61 23 27 87 58 96 99 85 48 30 50 47 4 95 22 32 20 81 66 27 65 37 81 1 12 15 5 98 70 6 33 52 56 63 63 23 36 73 96 14 47 25 27 48 46 87 39 84 95 3 21 20 81 56 38 38 42 90 89 27 9 95 96 7 27 92 41 77 44 87 49 54 20 84 23 52 62 76 48 82
10 79 78 41 7 22 84 92 51 33 23 89 20 4 93 80 38 62 22 60 16 3 33 34 79 75 19 45 17 87 78 53 71 44 18 15 3 34 49 21 35 91 14 68 60 72 34 97 9 74 42 1 13 96 51 20 54 34 60 65 66 78 51 15 39 43 30 40 30 53 44 36 56 35 85 88 44 52 29 78 26 81 55 79 1 57 8 6 8 36 24 52 16 58 21 98 74 48 6 97 7 7 77 71 98 84 61 97 6 93 60 31 5 62 62 61 13 93 96 13 17 13 28 56 31 17 23 18
23 80 70 6 0 4 54 53 7 77 61 32 10 36 24 59 2 79 33 91 15 86 86 42 81 71 47 11 28 40 73 44 65 17 57 19 84 75 82 36 97 6 11 73 4 89 20 55 60 36 22 86 75 30 72 82 75 43 84 13 97 51 64 41 66 29 32 66 20 71 4 22 50 29 0 39 5 63 39 19 30 95 44 62 31 21 41 12 44 90 96 12 95 80 13 5 52 55 72 66 76 90 76 31 36 34 60 84 38 24 95 89 23 60 9 47 64 29 95 27 21 50 92 39 25 88 75 59
55 7 17 47 22 92 22 11 64 52 80 67 75 81 16 81 21 46 12 97 61 73 87 37 78 11 64 4 73 26 76 12 80 51 29 62 55 95 61 41 12 63 26 31 85 68 26 22 48 54 64 81 86 34 82 75 41 87 45 78 51 7 19 92 95 24 0 84 23 28 71 41 90 99 92 84 51 26 72 20 39 75 42 78 32 67 28 5 99 24 29 89 42 85 27 20 11 27 68 14 51 73 41 34 73 15 61 56 20 59 20 67 74 80 75 35 18 6 68 7 41 44 62 63 71 70 45 45
46 30 96 28 82 97 79 20 92 16 79 44 6 85 13 26 65 48 7 66 72 53 79 44 0 73 99 39 15 76 37 50 1 5 18 50 77 32 88 0 79 21 39 35 19 93 78 72 30 84 30 23 45 63 97 2 55 8 73 80 59 15 45 65 77 13 75 65 21 15 45 39 71 9 97 23 1 65 37 32 80 43 62 49 64 71 16 32 20 37 9 7 91 5 57 72 81 34 72 96 89 69 74 13 27 42 18 79 51 9 11 2 32 65 71 73 94 7 15 93 69 67 41 9 34 91 68 74
53 51 59 1 55 24 33 44 54 54 40 21 57 87 49 46 21 38 63 23 60 83 75 76 41 94 33 18 60 13 31 70 74 56 56 71 6 66 45 98 74 55 27 18 62 30 48 39 33 59 46 58 17 75 94 25 53 40 13 93 7 90 4 66 54 21 48 45 27 95 11 17 64 59 65 25 8 70 69 90 93 55 86 82 28 34 65 39 4 4 18 89 73 38 16 7 43 18 10 25 60 7 11 43 74 28 36 3 29 59 72 85 15 87 13 87 31 92 43 13 76 84 8 57 68 78 83 55
18 81 91 69 30 5 94 21 90 86 32 72 13 69 92 94 43 33 38 59 54 93 52 34 20 85 76 85 91 60 32 80 3 17 72 79 37 90 85 64 38 66 42 92 27 4 36 48 80 48 85 42 67 3 54 9 18 91 13 13 64 8 18 66 58 12 24 15 4 64 42 28 64 45 27 66 95 24 65 44 57 53 65 65 59 9 10 5 30 58 47 11 2 37 16 4 85 45 18 82 43 29 82 24 7 25 53 10 96 1 41 70 27 71 63 45 37 61 82 74 1 6 76 92 99 7 59 77
10 68 42 61 99 69 85 74 17 99 62 16 25 20 7 67 99 30 99 19 92 17 67 71 41 67 71 13 42 58 82 27 40 70 10 33 10 93 36 88 72 49 69 92 68 0 16 7 81 77 73 11 32 20 54 27 63 66 26 93 7 4 66 52 43 3 97 0 24 5 15 26 98 80 37 90 60 90 3 28 37 84 43 99 95 94 11 84 11 0 72 45 22 94 27 79 56 79 88 72 51 52 94 62 18 24 74 20 45 7 45 70 23 4 80 12 83 97 35 12 77 76 25 6 15 86 39 69
75 36 6 88 65 89 69 21 12 47 56 28 3 80 82 72 71 46 7 61 86 68 35 39 45 40 23 31 64 64 26 25 83 6 47 64 26 27 5 92 10 17 81 39 31 83 47 65 52 44 55 63 17 12 15 17 80 51 44 64 63 94 31 61 86 4 70 13 93 29 2 67 22 46 18 62 8 66 83 21 86 72 78 23 69 64 55 16 36 66 34 77 71 0 31 27 37 59 47 68 19 90 1 48 82 83 29 33 98 2 42 83 20 54 98 45 94 91 20 2 93 66 72 11 61 6 44 75
90 95 30 99 84 76 56 86 35 19 19 58 65 97 30 58 10 68 75 97 73 74 59 52 32 40 77 34 34 71 80 97 58 57 5 11 7 52 74 3 42 18 83 26 21 19 75 27 91 76 4 38 37 79 45 68 50 75 91 5 6 77 12 84 17 28 92 24 5 23 52 93 19 92 77 40 45 18 47 57 52 4 45 60 40 7 38 89 45 1 31 51 45 3 8 67 12 26 48 38 67 45 91 62 49 62 57 14 52 84 58 33 43 12 61 84 95 93 8 33 51 90 78 34 46 99 41 12
36 12 78 95 7 86 8 80 46 34 88 7 84 86 49 85 94 51 64 77 11 5 18 32 64 51 23 82 52 76 76 99 68 44 51 63 74 41 76 44 90 92 73 47 95 66 1 13 72 69 45 9 56 52 31 24 20 78 23 98 6 43 29 7 45 37 83 47 17 54 45 19 75 91 27 70 84 35 69 79 6 96 71 51 33 1 52 43 93 74 86 63 91 6 33 69 98 86 74 98 76 42 53 6 87 72 23 79 24 17 85 65 88 51 74 49 69 85 92 36 47 41 82 14 16 23 16 48
5 78 58 7 96 90 10 55 53 56 46 75 62 24 92 44 30 78 81 43 51 85 87 35 12 61 69 53 99 72 32 79 18 43 11 3 5 15 10 70 91 7 50 92 29 22 82 18 29 43 50 25 24 0 37 61 6 69 54 85 91 86 69 52 19 93 68 83 18 78 82 47 18 29 71 3 44 17 97 85 67 57 35 78 44 22 79 8 73 92 8 77 61 13 7 62 8 33 75 36 35 28 32 47 49 41 82 52 41 35 79 39 74 29 57 87 78 22 56 74 94 17 47 0 74 7 58 61
54 22 10 59 76 85 44 54 77 12 48 78 42 74 90 72 96 39 55 41 83 45 85 71 5 63 36 66 35 72 1 12 71 21 22 90 36 64 73 63 48 3 97 99 70 26 49 81 33 56 30 19 61 39 60 32 41 44 54 0 78 59 12 91 20 18 20 46 43 97 50 89 54 64 22 19 45 30 10 48 79 77 40 56 0 43 7 58 19 90 85 22 17 91 61 56 2 58 51 5 93 77 34 71 91 32 55 46 26 23 75 5 93 21 93 75 55 9 40 87 5 94 7 37 30 64 2 82
36 38 28 43 98 5 43 82 81 80 8 83 92 50 99 57 60 34 54 41 59 10 25 43 38 48 30 15 34 86 62 93 46 30 46 23 87 63 41 86 85 97 93 75 72 28 55 62 41 66 12 81 88 68 72 93 59 98 28 92 75 65 38 31 30 79 5 43 82 27 42 1 78 98 58 68 73 68 58 72 88 88 47 21 25 11 82 6 40 90 7 41 82 52 74 87 65 76 71 88 67 1 6 64 91 96 29 41 25 29 53 80 29 58 60 27 54 62 95 85 66 22 99 10 31 52 48 40
69 30 47 60 44 51 22 61 34 96 69 34 23 17 14 79 63 29 42 2 58 47 38 93 6 6 74 1 78 86 12 44 74 88 81 32 99 86 95 27 18 6 52 46 78 3 62 50 64 94 64 15 60 23 8 45 39 90 59 7 77 66 8 10 28 25 70 18 91 74 27 31 47 72 16 46 62 92 63 56 6 26 84 92 15 1 51 47 38 2 96 90 81 36 67 25 57 61 52 55 10 57 85 29 45 68 59 15 22 61 1 2 78 83 24 75 30 15 27 66 53 26 62 6 64 65 3 23
33 92 59 17 45 86 81 89 93 60 91 37 98 20 65 27 75 20 58 38 71 12 51 40 74 62 19 97 33 51 30 92 21 33 78 70 2 19 3 32 90 17 60 58 79 5 5 95 16 12 34 76 18 48 35 5 13 8 74 48 32 1 86 38 32 43 60 80 35 72 19 67 66 88 80 27 0 57 22 50 29 59 51 65 49 83 80 36 39 51 50 12 87 95 58 29 82 24 21 51 83 60 87 19 83 90 76 38 96 32 74 11 80 67 51 88 18 22 69 69 2 52 44 27 36 76 17 62
87 25 0 35 70 82 65 18 16 51 76 25 9 43 95 9 54 38 34 35 1 24 12 86 65 83 14 51 97 25 33 63 14 11 48 8 57 45 54 31 38 98 77 42 43 75 24 46 64 52 60 5 44 99 62 6 85 42 12 30 97 24 91 76 4 61 31 52 92 65 76 83 31 78 55 84 65 50 77 91 43 89 91 71 85 4 13 78 71 70 2 35 18 33 49 75 45 59 80 35 15 21 48 3 3 57 99 74 23 21 2 44 9 7 54 66 43 67 48 10 38 59 73 70 33 5 22 33
11 20 3 57 16 45 88 99 84 52 42 49 17 70 95 60 32 20 92 17 8 31 42 63 37 50 44 28 62 22 50 31 16 14 97 95 21 34 31 91 71 84 19 13 68 40 53 20 9 89 64 26 3 91 52 54 21 31 8 38 17 64 20 18 11 6 55 26 63 53 91 73 78 39 18 40 81 18 83 95 57 20 16 1 64 33 89 46 32 82 37 4 91 49 35 61 68 21 15 74 49 21 57 43 16 4 84 50 45 42 2 90 61 64 20 53 41 52 13 60 55 91 88 64 5 33 81 15
75 86 36 46 91 55 51 32 97 97 76 82 45 10 85 42 23 0 47 61 48 10 56 45 42 37 24 79 29 44 32 81 77 81 89 18 30 7 93 16 68 50 34 97 32 34 2 30 88 95 72 40 73 88 40 46 28 82 16 67 46 65 34 6 45 41 67 92 79 21 98 37 2 23 52 87 35 53 72 62 97 44 69 59 30 76 3 11 71 7 84 6 27 45 15 46 38 62 17 84 26 94 62 34 83 17 47 18 54 93 49 70 91 13 43 31 34 96 27 48 61 49 70 27 21 55 83 74
68 93 89 12 56 43 54 80 51 24 49 59 65 3 5 26 4 85 24 83 4 11 7 86 56 6 3 47 27 97 99 29 24 22 11 53 60 28 1 84 65 48 78 20 70 0 89 91 57 10 25 14 76 98 9 25 44 59 64 52 33 25 87 24 17 49 50 74 54 35 15 88 92 72 37 62 27 59 23 80 69 47 9 4 44 60 37 64 73 18 81 26 21 45 29 0 19 93 59 5 46 4 40 34 82 64 37 86 85 96 76 8 16 89 79 94 12 56 50 1 69 77 10 9 57 47 82 26
33 10 17 10 6 20 97 18 85 31 4 76 59 45 95 8 61 95 80 98 16 39 14 36 42 90 36 85 28 54 23 92 0 57 6 40 72 68 86 90 57 42 56 52 48 52 67 21 82 14 58 55 23 95 20 23 47 79 14 22 99 6 25 42 47 59 18 74 74 55 61 23 25 58 94 7 72 21 61 46 39 96 75 9 44 93 31 23 8 57 2 33 58 35 88 56 81 43 55 48 80 56 53 90 18 9 35 83 16 80 77 16 66 30 22 65 51 98 85 73 51 19 47 14 20 59 32 54
23 81 43 76 72 1 21 90 51 49 18 77 60 88 98 59 78 12 30 20 8 51 12 64 51 34 56 14 96 52 2 58 56 32 7 58 43 66 47 36 24 87 62 7 15 59 71 67 29 81 73 75 78 86 68 40 59 55 48 21 34 85 47 21 92 48 74 67 99 2 81 6 76 68 0 38 29 60 47 36 4 96 54 91 42 20 35 75 54 4 2 53 44 70 78 69 22 18 95 74 42 16 64 82 79 4 96 25 34 38 27 67 94 58 42 8 75 30 61 53 17 90 22 69 54 54 31 32
31 35 57 17 88 85 86 56 59 61 14 98 21 1 76 57 6 45 70 91 52 49 21 2 61 14 13 58 92 67 18 88 75 42 47 31 65 87 30 63 5 69 27 9 44 65 25 12 10 4 23 37 36 16 93 49 92 55 31 21 89 79 91 87 18 50 81 8 26 32 32 12 60 59 67 96 20 50 49 24 77 40 81 50 70 68 36 95 82 76 14 38 42 79 85 69 62 8 28 71 36 98 84 32 79 23 45 93 22 66 32 12 22 49 50 87 35 72 72 26 66 87 41 82 95 94 17 39
89 5 72 78 66 78 70 27 39 22 33 95 76 85 67 79 58 38 43 77 25 56 7 5 30 28 65 32 16 33 7 91 60 60 62 6 5 72 97 40 60 29 63 53 20 23 83 18 46 53 71 19 49 6 29 90 61 1 17 86 33 70 23 13 61 72 24 28 9 89 37 89 12 44 70 10 67 99 75 28 86 65 63 37 0 49 31 25 34 15 6 20 93 21 51 82 96 74 32 81 29 69 83 66 24 37 86 83 46 69 45 53 7 73 60 51 56 90 91 88 41 35 19 59 50 31 17 68
9 86 71 88 78 31 6 13 36 2 84 76 74 82 11 32 80 81 13 26 72 45 49 72 40 5 71 12 78 59 76 70 67 44 64 83 68 1 4 42 48 99 47 77 39 8 23 59 46 38 33 76 42 59 57 65 90 23 4 20 4 99 75 4 68 23 41 74 36 1 24 59 6 28 68 58 58 47 3 58 23 7 44 49 22 37 92 90 15 81 62 50 27 25 96 41 43 64 24 92 63 13 44 68 18 97 19 19 25 83 35 37 4 14 74 7 88 1 80 28 78 23 61 28 86 94 86 9
85 96 6 98 22 50 39 23 62 77 22 36 26 53 5 35 31 3 79 9 34 45 47 29 45 5 59 53 94 87 58 19 56 43 85 99 45 59 78 6 37 81 7 62 84 91 70 69 57 78 68 95 60 52 45 47 9 21 13 38 90 13 17 46 43 72 50 38 64 5 88 7 15 34 66 41 97 24 85 57 27 21 60 12 32 33 54 21 34 39 64 13 64 96 92 19 26 42 96 81 10 86 37 50 47 20 11 98 40 43 52 31 90 27 8 24 10 37 30 9 39 8 6 89 22 79 95 83
30 45 44 80 32 56 0 1 32 11 86 85 91 88 1 95 98 24 56 21 82 91 14 7 0 32 56 34 99 37 97 77 79 56 53 64 72 37 44 53 8 88 76 80 95 18 23 54 97 48 6 79 61 8 32 65 12 58 62 74 7 3 55 55 89 79 88 64 52 40 4 0 49 35 80 30 92 62 79 2 4 59 38 83 42 97 59 82 94 5 20 12 81 20 3 28 11 78 57 76 83 64 61 85 41 62 61 75 55 11 29 92 55 11 34 82 13 28 40 35 29 3 52 22 34 34 0 27
8 34 8 19 28 89 5 60 16 44 68 91 74 59 6 5 88 19 17 22 44 69 35 56 46 46 53 73 17 45 22 62 93 79 76 31 45 96 49 88 64 28 7 98 84 17 43 95 96 56 53 64 22 48 93 13 42 38 50 85 1 90 79 64 61 60 72 83 28 34 87 2 16 69 65 4 82 61 61 86 78 45 57 56 61 88 55 54 20 31 91 96 51 9 51 85 71 55 65 34 94 84 70 65 4 22 28 61 72 74 22 0 41 12 60 13 21 19 92 65 17 1 15 80 54 81 34 54
53 69 57 22 75 79 29 69 91 41 63 65 58 30 92 84 74 33 54 84 17 17 29 49 33 20 79 4 57 9 54 59 53 3 14 81 83 80 80 37 69 94 38 64 53 69 39 88 73 91 32 16 0 31 20 12 13 79 84 34 95 67 52 98 48 51 49 36 0 52 45 93 88 25 19 65 81 34 5 33 73 92 59 89 35 69 43 57 86 33 46 5 46 86 70 19 71 17 57 48 6 76 15 43 52 56 73 15 14 35 38 62 65 62 86 12 75 59 0 68 0 38 22 14 57 45 80 66
40 75 87 35 19 57 20 95 54 39 21 56 4 35 11 48 35 94 20 85 51 95 1 75 58 8 46 7 62 81 72 29 43 92 21 0 17 18 73 40 6 45 49 4 99 34 5 70 54 91 19 43 71 90 56 18 57 55 96 8 8 39 5 18 2 20 23 88 73 5 81 8 55 44 77 94 96 1 19 87 0 75 89 65 77 47 49 61 4 29 18 50 53 75 4 3 22 59 37 65 55 14 76 66 10 17 89 67 39 70 69 83 83 35 4 24 57 83 70 66 0 50 71 28 58 67 92 91
57 84 77 99 39 53 98 58 5 35 65 33 42 71 27 40 85 32 74 27 63 28 62 98 32 71 82 7 23 38 26 27 39 89 39 73 54 58 42 87 95 26 84 52 8 90 5 10 87 92 18 38 29 48 9 18 34 13 54 74 55 28 22 95 57 45 93 22 48 9 36 82 6 34 65 13 13 27 79 44 23 65 55 98 77 90 66 29 78 55 79 5 0 60 76 15 92 62 24 99 12 67 23 75 36 58 21 49 3 61 97 53 95 93 16 40 8 59 58 94 9 97 39 7 37 46 80 16
91 87 98 12 53 74 91 83 98 51 61 61 13 69 1 90 21 96 53 95 44 17 7 15 35 89 56 61 9 56 48 92 11 75 82 97 45 4 46 69 85 16 47 91 6 12 12 93 28 35 35 52 31 16 7 24 50 66 84 46 48 49 46 47 40 86 53 89 28 52 7 44 55 78 21 7 26 34 26 62 88 15 46 47 56 24 15 78 26 5 94 23 86 39 32 92 30 99 2 86 22 47 83 80 0 46 27 26 15 73 93 20 43 62 80 85 61 1 38 98 1 39 71 94 53 27 40 85
46 78 3 55 26 11 57 12 92 20 34 93 46 58 55 2 0 11 64 43 95 24 9 36 29 38 76 5 97 56 86 99 48 5 39 24 36 95 49 25 75 16 70 19 29 0 29 83 68 26 28 97 55 91 28 25 68 64 46 74 51 24 88 67 28 45 3 8 12 77 9 58 18 7 56 79 4 14 39 37 68 47 80 18 4 76 65 43 17 58 44 10 57 79 47 79 62 32 53 50 23 55 30 72 93 5 68 71 59 56 8 39 7 38 1 88 23 19 69 12 95 43 8 95 55 47 71 98
58 65 97 33 81 83 48 98 36 53 80 65 57 43 48 81 0 6 25 76 8 0 14 55 5 71 80 79 87 57 44 36 8 62 76 72 4 25 37 99 58 59 90 44 42 32 19 34 82 57 5 86 6 1 39 70 99 94 59 12 17 17 15 72 66 15 67 47 96 16 48 8 99 14 86 10 48 28 89 26 72 77 17 99 47 70 81 89 7 74 55 46 67 36 24 91 15 21 90 75 57 43 64 81 19 5 34 23 35 61 77 27 68 84 65 80 89 53 71 78 73 22 57 5 87 75 8 79
7 63 94 56 85 19 0 16 37 31 60 96 39 58 89 86 94 98 90 7 12 1 23 28 30 64 80 88 78 44 14 95 25 54 85 27 1 83 85 60 2 25 92 35 68 1 14 87 99 22 56 87 17 18 59 6 3 58 70 17 74 9 56 48 12 97 89 12 90 12 35 89 73 4 33 99 37 86 29 95 18 30 94 1 35 15 13 76 86 51 28 67 65 1 25 31 78 71 35 22 37 15 59 14 65 95 16 54 33 20 26 21 13 15 28 14 40 30 17 58 7 15 33 3 59 38 70 79
44 45 34 71 33 47 48 35 50 24 47 14 90 14 21 43 14 9 35 30 59 95 34 23 8 9 55 38 71 40 7 14 40 62 29 21 12 66 53 89 50 68 24 28 57 2 0 85 4 70 38 87 24 7 86 69 32 72 4 15 80 33 14 83 40 29 11 71 30 82 47 11 9 48 52 89 89 88 77 59 81 50 43 50 68 90 98 21 33 44 34 55 56 44 7 44 17 51 6 97 58 78 98 74 74 87 97 37 46 72 56 2 54 37 18 59 86 79 21 92 66 23 81 33 8 66 48 75
24 29 19 27 45 84 27 87 46 96 35 0 22 4 84 92 45 80 76 31 71 66 85 86 42 35 39 64 98 75 89 84 97 39 38 4 9 39 42 20 35 62 54 80 2 2 82 15 73 19 38 21 62 85 43 69 21 89 66 22 70 33 7 88 7 46 61 87 85 79 15 30 24 15 17 6 15 72 79 56 2 71 29 90 54 20 7 79 58 75 74 25 80 50 87 81 42 50 92 46 84 42 98 97 72 62 44 4 89 79 73 93 56 48 67 12 20 37 11 95 15 86 14 55 14 61 78 91
31 83 28 55 78 39 38 43 41 71 84 63 69 25 95 38 6 65 36 18 31 75 88 92 3 39 15 62 98 3 8 63 57 94 47 1 74 83 20 42 51 66 13 33 90 63 97 99 28 10 16 36 70 92 0 23 11 86 69 12 23 76 1 81 99 73 61 36 12 15 53 67 41 94 7 91 96 37 95 56 72 85 48 11 31 32 80 72 35 88 85 33 39 48 60 32 41 22 90 13 53 53 3 75 43 36 72 84 1 73 17 85 7 46 31 82 63 46 50 48 78 13 9 11 94 43 32 35
65 68 66 93 72 86 53 52 8 89 38 78 51 23 54 14 32 11 72 85 70 13 55 15 59 47 84 37 35 10 97 11 93 39 19 31 85 62 62 71 93 27 28 30 14 43 19 51 64 75 73 13 57 18 10 37 28 20 4 39 61 95 67 89 31 79 71 46 8 81 59 28 70 7 55 37 76 76 5 60 78 37 57 19 75 68 86 5 44 0 17 7 94 32 71 79 7 96 22 69 8 29 64 3 39 4 86 14 48 48 57 36 29 81 93 53 12 27 23 43 74 91 57 5 68 58 51 6
79 80 19 37 8 44 67 34 92 19 95 78 31 78 26 37 35 47 58 46 84 43 44 63 26 1 47 86 60 73 96 85 60 15 82 41 77 89 25 40 58 69 59 87 82 4 31 52 8 94 92 56 63 15 20 93 15 58 7 28 74 14 71 17 80 15 86 46 20 59 16 8 74 19 86 63 60 14 54 99 6 95 76 2 90 24 32 98 12 26 64 11 16 4 98 86 26 20 88 18 66 65 91 98 50 77 35 17 42 29 6 61 69 0 55 13 45 93 99 92 66 15 46 73 99 20 21 24
46 29 75 18 90 22 1 39 80 50 48 40 59 7 81 55 2 30 7 58 81 45 23 49 55 48 95 0 62 5 39 72 51 81 43 82 22 39 63 7 70 63 11 71 52 76 87 23 23 89 55 83 40 66 45 53 0 9 41 69 63 48 41 91 86 52 19 11 23 74 71 26 58 63 72 67 14 88 16 60 7 96 85 32 54 68 10 16 22 51 47 1 41 87 27 94 87 12 95 81 49 39 90 62 13 16 46 63 90 85 20 69 89 47 33 8 28 63 14 32 54 0 31 37 56 87 44 25
54 6 75 2 27 47 84 24 8 3 88 47 42 65 62 71 48 73 51 97 83 32 60 91 78 65 90 28 47 1 22 69 27 39 1 95 69 51 52 22 72 46 16 51 54 37 9 27 51 60 89 72 69 32 23 42 84 66 44 90 64 53 41 96 31 63 66 18 56 88 96 82 74 94 68 45 2 56 47 15 79 50 81 66 61 7 91 69 56 64 74 9 48 15 9 15 63 8 95 55 94 63 5 51 66 62 53 22 6 55 54 0 15 6 23 98 51 42 15 61 54 98 76 1 12 99 98 37
51 19 75 67 1 43 89 42 76 75 70 81 77 5 51 44 41 79 24 96 63 57 27 16 42 27 14 69 93 96 15 21 85 97 20 77 3 0 13 38 87 81 71 35 78 72 47 17 99 91 68 2 19 76 37 26 65 55 64 19 17 62 48 60 40 84 91 40 16 10 6 83 48 0 26 84 49 75 56 68 7 27 93 89 85 44 54 95 11 2 89 18 51 18 20 96 71 21 62 58 9 44 99 78 64 99 50 35 39 74 45 4 60 48 49 70 1 46 98 74 69 23 79 56 91 78 83 86
85 97 48 94 32 83 47 68 98 54 64 82 81 24 18 52 50 35 25 56 28 7 57 81 13 55 85 26 86 6 69 96 1 79 32 5 48 79 7 24 22 54 39 32 88 99 36 93 92 44 77 98 76 88 40 59 96 14 91 12 16 34 17 17 34 80 54 90 94 86 95 95 73 18 68 10 25 49 68 6 83 44 33 82 73 10 77 60 12 63 12 96 16 9 42 40 4 45 81 85 93 56 82 46 38 94 0 20 76 13 89 66 20 39 97 29 47 61 52 47 41 33 4 41 44 24 97 85
12 72 63 72 80 9 81 44 79 19 84 77 93 55 40 93 37 25 3 15 86 42 69 22 43 83 38 15 35 31 52 69 81 83 95 53 80 52 14 94 78 45 38 70 72 41 85 54 85 15 95 77 1 77 11 36 27 5 27 19 55 75 4 79 45 80 69 31 61 9 19 33 30 82 51 34 43 69 27 76 63 74 3 36 61 38 27 62 5 95 56 86 77 36 21 56 64 27 29 98 46 94 13 79 89 21 2 76 84 18 46 84 1 50 6 6 29 57 84 36 90 92 75 85 84 2 38 40
95 14 47 0 72 37 82 83 31 58 46 54 85 20 15 55 14 24 95 31 84 53 25 41 24 52 6 48 75 84 74 73 37 65 41 49 46 22 87 21 77 67 12 65 60 62 51 66 46 40 12 16 51 17 73 78 2 60 84 85 53 33 12 9 72 45 80 84 40 45 46 80 2 2 78 69 91 86 47 77 40 76 68 55 36 0 14 59 38 25 52 24 36 4 50 36 33 89 88 84 68 64 58 38 55 6 93 80 79 3 26 83 26 68 83 16 17 71 92 1 11 72 7 61 61 55 94 99
97 91 11 61 87 25 46 43 51 23 77 71 21 93 14 75 84 62 86 81 44 99 31 90 82 71 10 85 64 29 30 87 53 92 63 28 54 12 0 76 94 98 45 96 44 31 11 47 8 70 28 27 66 20 89 10 29 97 22 94 83 13 48 52 28 42 67 81 89 1 87 43 76 92 96 28 90 65 94 86 97 87 68 11 79 76 10 31 21 1 58 55 49 32 46 49 98 55 38 97 89 74 39 22 52 56 5 80 26 78 97 47 35 38 72 0 10 10 28 38 66 89 92 29 84 99 54 29
26 27 69 79 77 31 26 3 77 51 37 83 70 62 91 62 18 74 11 82 80 53 67 38 85 31 93 10 12 62 63 5 18 0 12 83 0 61 28 96 55 47 91 67 50 46 68 65 43 17 23 46 1 40 0 56 97 22 81 96 18 72 94 40 22 65 35 48 64 4 78 2 10 27 2 95 30 37 57 45 55 6 30 50 63 63 50 46 16 34 38 22 11 67 23 33 41 60 29 74 45 57 22 38 4 66 62 36 50 10 94 31 67 72 25 48 3 74 65 64 34 27 99 59 61 3 74 22
40 16 47 78 37 72 57 16 71 78 11 77 19 62 26 91 58 94 70 87 22 37 19 14 93 92 8 78 75 29 27 63 66 23 23 21 2 88 79 45 32 61 54 2 64 34 57 80 47 52 87 65 1 53 72 49 4 1 60 80 64 12 28 53 86 93 20 41 50 6 2 15 25 78 30 30 22 20 49 50 74 80 23 86 80 8 9 56 75 78 87 66 23 53 50 48 45 86 76 98 98 22 83 88 91 74 34 84 65 8 87 81 12 89 32 5 80 33 51 39 0 75 70 50 57 60 60 9
79 62 90 42 94 65 62 79 37 60 45 38 48 47 48 34 6 79 95 0 65 95 30 57 13 47 95 65 23 17 13 42 76 81 79 42 30 24 94 3 63 28 68 79 22 82 48 91 59 32 36 72 73 74 56 6 49 21 42 57 37 40 83 48 94 76 46 59 63 91 47 17 46 17 84 62 85 53 73 44 57 7 56 10 42 65 76 98 39 50 67 82 47 58 44 91 35 71 66 13 24 21 20 28 7 5 78 52 52 67 99 18 85 63 29 93 80 41 48 1 5 44 81 4 61 86 84 10
22 43 48 37 58 3 66 84 78 70 92 98 1 23 14 31 77 21 86 1 53 45 69 54 23 43 70 91 84 3 93 66 96 91 34 59 80 38 11 24 62 37 40 69 9 54 17 87 52 26 54 22 21 61 97 9 18 33 64 97 97 11 83 60 28 78 93 28 35 57 55 40 12 70 62 79 32 25 52 14 60 80 1 63 46 25 36 91 19 85 88 44 41 95 50 15 70 21 17 75 25 87 0 71 79 94 53 16 53 45 43 71 8 28 80 18 9 51 94 99 60 62 19 23 68 29 93 72
80 25 50 48 85 24 51 11 84 47 10 81 66 18 28 55 92 53 82 92 23 0 23 4 64 25 58 54 40 1 43 95 58 54 38 3 20 73 15 58 75 30 82 9 64 63 20 2 80 47 16 62 99 79 4 11 99 10 32 16 58 62 25 89 82 76 84 65 12 40 74 56 59 17 15 51 88 3 56 28 55 39 47 49 64 96 44 80 3 81 85 67 63 3 24 6 54 14 81 27 43 33 31 17 13 97 72 75 79 59 90 51 1 84 19 65 22 27 4 25 1 49 43 6 41 36 66 45
62 10 63 87 61 18 7 95 61 54 94 31 47 14 27 29 98 78 68 52 83 81 25 22 79 69 26 78 53 74 45 51 51 0 76 35 5 87 37 6 64 90 28 82 19 21 3 1 91 97 61 55 52 25 24 34 45 35 65 16 20 51 13 6 27 78 35 53 16 32 17 81 48 99 0 36 24 51 22 49 72 92 89 95 54 14 16 74 41 17 82 89 25 44 25 32 12 60 41 63 83 75 5 61 5 36 18 4 55 26 29 10 43 22 22 10 5 96 29 39 23 28 86 37 1 54 62 47
1 72 61 78 60 26 68 16 20 89 49 6 12 30 32 73 99 35 17 71 16 24 79 27 10 46 91 75 30 70 25 62 28 42 11 49 37 6 33 29 36 19 82 69 83 95 90 49 59 31 52 58 98 54 97 55 54 30 79 60 26 61 69 62 89 93 1 67 34 83 98 48 84 31 40 94 20 44 90 64 98 26 69 78 43 83 85 78 32 30 59 42 34 56 5 69 42 82 88 74 30 12 21 96 43 96 22 10 49 66 64 62 11 23 17 12 28 37 88 77 40 17 94 59 76 86 12 49
65 20 87 90 99 36 28 56 76 59 46 74 87 29 40 12 44 70 73 18 11 22 82 81 17 60 86 55 60 24 89 87 1 6 79 23 44 47 86 90 33 82 97 67 1 81 5 1 66 47 70 77 63 97 99 74 18 91 73 24 59 58 55 67 85 84 81 81 52 0 15 0 98 55 67 27 33 54 70 42 25 3 73 86 17 44 88 34 96 19 50 54 69 3 78 93 53 84 82 87 99 78 36 87 21 4 39 36 27 50 95 23 15 74 38 38 10 20 22 43 12 80 69 50 33 51 12 9
91 91 23 81 96 32 17 41 55 66 74 93 85 82 3 89 75 27 51 36 27 32 44 21 0 29 21 6 43 36 63 85 27 66 94 1 77 81 86 93 36 46 32 24 81 4 20 70 32 53 14 40 2 90 36 68 43 74 30 22 62 61 97 90 18 13 58 81 31 99 99 28 6 94 60 56 40 25 80 67 16 74 0 1 55 40 65 63 59 33 74 78 62 22 1 80 63 58 40 28 29 89 32 4 98 18 90 40 97 77 38 91 16 49 55 3 21 66 45 86 0 7 94 17 9 93 64 17
35 2 24 92 8 77 14 53 56 90 55 6 20 5 10 42 69 56 13 36 72 69 75 48 65 65 75 1 38 29 84 3 69 42 42 9 42 57 0 7 43 38 50 5 42 62 37 81 40 90 68 30 47 88 0 51 71 64 3 86 58 9 64 26 87 57 32 62 9 68 7 80 13 49 47 25 29 35 52 17 91 18 20 12 92 7 2 76 15 56 12 16 32 63 63 68 92 37 25 38 73 52 40 35 3 68 35 36 86 79 25 22 33 17 50 61 17 14 40 2 21 69 87 23 31 19 92 58
78 49 65 16 20 18 24 39 67 76 49 53 49 94 2 34 48 75 74 3 64 52 15 36 70 79 17 2 55 56 77 77 80 69 60 52 30 85 39 76 94 29 42 27 72 27 66 56 75 50 6 12 98 13 42 91 17 10 16 3 41 2 96 6 73 45 40 57 92 50 32 5 87 48 94 2 96 57 67 68 57 64 1 38 72 3 24 98 78 47 69 92 19 99 14 3 27 2 59 85 81 58 55 72 25 27 85 74 44 89 73 29 96 6 80 94 82 12 57 2 5 62 94 41 64 30 14 85
86 34 25 79 6 58 98 58 30 94 96 27 94 0 81 44 43 54 37 56 5 23 77 51 17 88 6 87 44 34 42 90 52 47 27 47 52 89 8 79 13 88 47 27 45 62 93 39 12 64 57 53 71 19 63 1 7 26 69 81 39 86 77 42 10 66 47 1 47 16 13 58 37 76 44 59 22 11 34 72 98 98 10 54 97 33 72 95 36 42 39 43 50 12 80 2 24 21 33 11 11 39 47 58 23 95 75 42 46 51 72 29 39 26 84 11 73 92 2 61 9 15 46 57 4 35 76 73
38 48 3 65 1 55 48 33 9 60 46 72 37 44 37 17 29 73 44 17 62 17 26 26 27 3 37 22 72 98 73 53 1 56 52 16 39 81 79 92 38 85 60 4 28 39 12 10 26 12 12 42 65 71 10 11 55 19 4 24 11 19 83 38 70 95 98 33 79 22 47 36 65 59 68 48 83 74 81 64 52 70 76 1 76 71 59 59 85 90 94 26 39 76 77 77 47 38 50 35 2 99 29 81 71 65 85 39 33 81 95 40 80 22 62 25 42 16 86 89 43 76 67 51 96 56 87 74
74 58 40 81 21 91 2 42 8 66 41 85 72 42 47 87 94 7 69 54 33 89 28 49 74 23 60 54 68 99 30 8 16 89 60 35 88 86 91 51 2 27 56 40 90 44 21 78 91 37 58 75 80 21 14 79 52 95 98 84 30 59 47 95 99 61 68 15 63 90 84 29 31 91 85 56 23 18 49 8 63 20 43 1 80 98 41 19 77 29 11 37 5 84 46 63 34 92 35 63 34 46 54 4 25 22 32 24 62 68 33 15 32 26 18 55 29 85 56 62 17 20 15 79 64 97 89 43
47 25 48 81 51 66 85 65 39 91 77 96 42 80 10 69 65 26 52 88 56 10 34 94 92 16 55 54 82 73 38 47 84 96 28 34 91 61 10 1 21 53 37 79 85 28 38 60 68 78 78 31 68 55 10 69 23 36 37 30 26 48 99 9 58 44 92 82 32 0 67 11 46 60 71 92 6 99 92 19 70 78 15 18 99 39 45 98 96 91 45 46 78 86 89 86 38 22 36 32 91 12 83 38 58 55 86 86 78 97 91 6 91 11 32 30 8 86 6 82 41 74 49 7 91 16 3 18
47 41 92 65 95 34 42 89 26 72 47 98 82 36 27 28 49 62 38 43 63 79 47 91 2 39 59 67 83 36 10 12 75 21 51 82 31 66 56 9 31 49 48 2 69 15 82 22 94 94 72 7 14 27 91 47 43 74 95 9 17 73 61 45 22 70 88 16 78 63 16 71 77 7 97 58 23 12 74 48 58 67 19 62 83 97 3 35 92 35 29 5 39 8 63 8 0 52 84 84 47 22 10 46 63 69 97 71 27 74 96 76 42 80 60 11 58 35 98 20 4 11 17 94 87 18 37 6
94 59 90 72 76 89 97 88 46 46 66 32 29 5 30 32 39 14 87 68 97 22 69 40 64 98 25 10 47 1 0 67 23 13 22 53 97 42 75 6 40 58 67 4 14 21 85 7 15 15 43 23 98 31 32 44 70 95 77 79 85 23 42 99 54 69 52 75 2 11 88 78 44 2 66 59 97 94 60 11 47 65 86 34 57 1 17 78 2 40 36 63 17 23 85 33 48 10 28 74 10 85 82 26 21 37 39 57 68 81 92 28 62 16 98 13 91 83 35 5 30 31 53 4 52 93 10 82
48 84 45 21 8 48 41 10 3 70 90 79 15 94 60 82 37 36 3 81 29 66 50 81 8 11 94 3 84 47 86 41 1 43 11 8 17 50 0 70 95 34 7 3 68 16 29 73 58 65 25 20 13 19 38 17 70 99 18 10 79 82 89 68 64 29 7 99 9 94 85 81 38 32 45 73 97 75 35 8 14 41 24 76 65 22 66 64 67 56 85 92 59 4 16 24 76 21 43 86 52 58 30 91 34 51 5 55 34 79 2 4 28 3 74 5 65 6 76 77 65 8 52 54 43 44 33 76
34 83 0 87 66 86 22 93 81 67 41 14 53 14 53 5 84 76 65 76 34 9 83 96 52 90 66 27 89 63 90 70 11 79 96 76 93 46 4 38 72 9 53 52 83 62 4 70 37 62 72 12 10 20 75 31 79 4 27 30 90 66 90 20 79 47 72 7 78 60 26 33 49 76 10 95 6 65 66 12 16 69 55 88 37 61 68 93 86 92 27 31 52 85 50 55 87 93 34 64 0 89 44 60 13 90 27 47 52 13 33 33 86 97 28 3 37 30 87 62 95 65 18 42 52 33 81 87
23 46 67 95 34 48 55 35 88 7 64 44 6 52 5 97 52 72 31 77 73 24 11 36 29 22 7 17 41 77 25 93 75 32 10 12 33 45 15 66 46 60 61 54 44 8 82 21 44 47 6 40 20 56 13 37 20 23 62 36 30 32 30 58 63 30 63 30 84 92 68 25 43 94 5 49 43 13 25 72 69 46 22 88 55 99 29 30 4 86 23 67 55 39 54 48 2 32 35 8 88 63 51 0 45 3 29 6 47 52 25 82 6 39 55 70 76 97 45 61 1 95 37 29 96 51 12 8
