34 83 18 23 96 23 97 51 24 30 59 58 96 90 5 9 3 63 47 4 39 75 63 94 71 92 2 35 19 44 52 26 73 52 57 6 59 53 33 78 56 75 30 49 96 53 81 80 51 56 96 78 6 0 39 55 87 51 59 81 58 20 45 98
94 74 46 20 24 84 4 19 3 4 41 77 96 23 88 67 24 62 20 12 28 43 67 87 93 41 58 51 64 36 38 27 1 87 27 16 77 74 18 76 67 15 39 57 20 47 61 91 24 42 3 9 86 22 29 49 28 68 4 86 6 22 54 20
28 47 71 58 77 6 35 88 52 58 27 35 59 21 28 85 23 51 88 67 80 83 96 80 85 59 69 61 2 47 38 32 55 51 60 25 16 22 71 97 88 70 85 87 98 45 63 62 5 87 53 14 69 33 43 88 51 93 20 36 12 77 34 12
97 30 42 7 44 62 82 90 66 55 25 46 23 54 24 98 92 9 28 71 35 3 36 50 39 24 67 74 11 48 69 1 98 51 77 62 93 65 8 2 66 43 5 98 58 68 27 16 43 60 65 47 34 71 69 21 60 21 46 51 64 35 13 62
21 87 95 60 97 25 51 14 44 39 60 85 44 34 55 19 25 44 81 75 27 71 58 33 15 49 90 11 33 60 9 71 6 3 11 60 56 74 58 8 92 63 9 33 73 84 96 29 12 68 32 12 4 6 14 18 0 88 92 89 8 99 0 33
67 38 83 18 57 71 18 10 31 37 84 13 4 45 39 35 94 74 5 81 51 33 46 2 49 14 37 87 85 4 18 24 60 19 94 17 57 59 5 39 57 86 46 3 6 19 41 61 71 37 78 42 6 11 66 16 47 47 85 5 58 92 98 33
35 0 35 54 85 5 66 97 0 46 98 35 22 22 85 50 10 61 9 7 96 61 3 16 12 18 0 51 10 66 90 1 62 0 52 71 55 84 21 2 46 1 36 38 31 29 37 90 6 42 85 54 90 9 41 89 57 33 25 11 34 86 92 14
99 51 88 98 85 22 45 3 46 82 67 41 27 35 6 30 33 90 28 80 21 75 86 65 72 70 38 17 32 14 23 1 42 3 90 88 67 28 84 57 15 75 8 85 15 68 16 76 88 66 94 36 1 58 81 79 98 31 90 80 15 41 36 78
21 71 30 36 59 28 71 93 29 5 1 72 78 77 11 47 95 94 46 56 97 82 29 77 7 43 50 75 36 11 30 49 93 31 61 41 77 2 36 66 25 15 22 10 97 14 61 34 70 5 94 63 55 9 53 99 70 43 73 2 76 96 76 94
18 85 46 16 87 20 43 36 49 83 42 84 8 48 59 15 15 47 47 95 21 7 68 3 47 9 9 97 35 86 66 78 65 70 2 14 34 4 47 34 70 0 1 21 81 25 47 39 19 82 13 69 23 78 99 54 72 94 53 47 96 14 16 96
7 39 84 43 15 38 5 20 88 53 18 15 6 91 34 32 49 32 49 35 73 86 73 44 57 87 99 17 73 2 36 33 0 58 13 73 47 35 32 90 41 1 35 51 65 7 10 67 73 23 87 34 95 6 25 46 98 87 54 71 38 8 9 51
63 2 88 57 33 1 33 4 89 72 82 41 99 50 89 45 74 34 96 78 17 25 64 52 29 90 26 14 16 32 90 15 37 91 74 28 63 55 57 99 21 37 63 52 69 25 9 45 69 97 95 97 42 3 21 25 11 10 55 53 12 48 88 0
76 71 5 45 60 50 16 75 97 93 40 9 52 3 97 64 57 89 76 94 15 22 75 28 95 29 64 82 35 73 97 4 69 95 77 67 74 72 5 25 77 11 77 63 21 18 47 72 68 79 38 51 20 44 49 8 31 87 55 99 78 32 32 78
96 72 79 45 58 55 90 56 28 73 49 4 10 83 84 82 9 52 10 60 2 19 95 68 58 87 68 37 72 8 38 95 73 16 7 46 10 90 96 2 67 77 32 59 15 5 76 19 44 54 8 47 13 69 54 88 23 43 44 26 0 77 76 56
61 67 41 40 74 58 67 23 37 84 88 53 34 32 25 7 81 96 32 17 35 9 61 28 85 85 30 59 45 66 92 64 96 94 12 17 76 22 17 88 84 77 43 41 62 91 7 96 84 93 88 59 91 9 11 7 74 2 24 87 94 69 32 59
79 74 75 13 66 68 34 77 0 32 73 48 43 1 71 62 68 68 19 23 78 81 85 63 44 73 60 66 36 70 62 88 60 48 49 25 64 68 41 49 88 95 71 24 14 46 38 75 4 80 49 15 93 97 68 67 80 81 52 7 15 31 67 91
47 6 62 36 69 38 33 76 38 71 23 55 43 15 26 5 98 88 88 11 72 60 8 31 10 69 33 29 58 77 3 27 53 13 50 16 10 24 95 6 85 18 92 56 35 99 74 47 72 48 2 25 38 61 57 99 24 29 9 26 77 89 73 3
15 66 1 83 38 91 18 1 41 85 95 92 43 77 5 0 71 18 37 30 3 30 84 94 16 40 47 85 0 37 27 65 44 26 7 81 23 69 4 58 99 8 41 66 42 71 11 60 9 64 18 27 47 28 7 68 49 85 64 98 28 99 23 57
47 53 33 15 0 34 30 97 15 6 32 83 0 8 28 77 28 84 20 31 43 25 66 43 65 3 53 14 24 32 99 30 21 55 3 41 12 95 78 75 32 28 71 46 66 14 77 11 38 25 62 2 59 76 64 77 52 7 63 57 28 33 75 44
54 31 7 59 92 48 82 78 63 18 79 4 58 27 97 75 22 29 61 6 31 32 55 71 80 94 1 44 83 0 92 71 87 14 61 51 29 46 16 80 22 87 97 76 30 10 63 82 61 71 77 6 24 28 96 0 64 53 79 16 91 60 23 34
43 21 85 61 63 52 69 71 12 72 48 22 50 78 23 13 85 68 1 27 79 20 94 46 88 19 63 65 75 44 57 14 69 16 71 96 30 32 36 14 34 94 20 71 22 82 16 82 30 72 83 79 22 77 43 28 56 49 64 57 20 88 49 7
48 3 64 84 14 0 38 5 93 1 33 50 47 82 59 44 8 79 93 78 72 35 34 76 46 3 19 14 58 14 86 31 98 52 89 22 69 33 71 57 32 5 52 59 0 11 83 14 92 40 1 31 37 42 77 92 70 93 46 40 62 80 67 35
48 34 16 79 41 87 60 88 56 11 78 78 17 92 6 76 4 49 22 87 89 36 82 83 14 71 75 32 52 12 42 44 39 89 49 65 50 68 89 82 25 18 9 60 76 93 23 81 12 73 83 89 10 61 97 26 14 34 35 81 84 78 13 97
85 86 40 11 14 5 98 35 56 56 23 29 25 96 79 90 71 61 41 27 92 5 69 52 24 65 50 17 25 91 58 43 67 35 46 69 16 54 11 51 1 92 77 60 50 76 29 2 43 1 5 41 83 35 54 52 32 80 85 51 26 86 35 32
99 31 29 67 29 39 68 44 73 70 87 6 44 10 3 70 47 17 83 25 73 43 69 45 18 74 30 10 24 92 38 55 82 34 67 96 79 85 24 95 43 86 4 75 65 81 41 30 9 73 15 12 94 82 31 73 83 77 85 95 75 16 63 69
59 51 82 19 39 82 79 91 55 40 57 50 17 47 50 48 88 50 82 64 78 77 16 47 68 26 86 11 51 6 60 83 11 68 42 0 24 52 55 34 29 77 16 97 99 64 99 55 6 58 7 43 74 24 88 22 54 71 37 7 56 27 64 28
56 46 28 27 48 13 67 44 40 54 80 0 42 36 26 77 37 47 59 70 11 43 7 71 30 30 9 80 69 19 38 47 60 72 90 66 25 35 8 64 11 99 87 57 17 57 23 61 65 67 71 32 97 52 37 98 94 30 70 6 11 99 30 60
42 5 19 9 22 81 71 28 43 87 69 11 54 9 95 59 23 88 43 61 62 78 92 8 44 34 19 85 31 42 91 79 62 92 48 33 81 33 29 81 6 32 82 95 99 3 97 74 56 78 32 61 57 82 34 97 13 43 65 74 67 51 87 85
80 40 20 16 81 93 86 40 77 89 5 9 42 46 99 16 81 1 54 60 90 44 17 56 3 83 76 17 31 0 35 15 56 61 80 10 19 93 41 61 69 59 54 1 42 4 75 65 63 76 68 29 44 56 84 39 97 24 33 7 12 38 7 29
42 51 48 59 49 58 92 46 41 16 49 32 44 43 53 32 40 29 57 49 90 66 62 74 16 20 79 27 40 81 38 29 17 75 30 40 72 85 70 74 35 48 64 77 79 78 73 59 83 29 10 61 42 80 2 97 16 84 54 9 77 9 40 50
49 36 49 80 19 94 95 14 99 63 69 54 51 81 40 87 42 89 63 49 46 80 82 57 35 73 93 48 21 67 99 88 93 82 17 49 34 44 85 67 59 48 65 70 69 86 80 40 94 71 30 20 44 47 43 35 73 16 57 41 23 42 37 42
7 82 2 26 72 52 63 57 80 85 54 26 44 70 88 7 86 87 81 21 84 18 61 51 86 30 59 70 76 3 35 11 71 14 41 6 29 40 95 65 68 10 85 91 80 19 11 20 67 69 61 20 10 80 3 75 89 2 7 67 55 84 50 1
66 41 98 11 55 36 79 62 29 72 9 96 47 91 39 17 32 65 29 38 6 29 96 35 23 99 1 24 24 43 56 91 29 79 42 83 14 30 23 59 54 90 2 91 7 58 62 43 64 64 15 63 13 80 11 63 42 75 67 34 11 20 36 1
40 16 97 1 91 96 22 81 28 3 26 20 37 82 17 93 5 69 20 27 2 85 52 68 63 9 93 50 4 24 73 99 78 95 1 88 22 73 34 2 8 0 42 69 39 43 12 54 94 72 88 52 22 30 58 60 61 76 18 14 78 28 81 75
29 32 82 36 16 89 32 79 86 12 41 28 39 22 54 76 66 9 52 0 30 32 11 66 17 44 0 8 13 90 27 59 81 41 43 23 80 29 28 25 30 57 90 4 26 39 91 30 40 40 0 82 9 44 75 33 54 25 59 70 91 49 48 90
56 78 19 4 84 13 82 47 31 26 56 30 85 0 44 97 11 96 98 9 97 79 13 33 89 70 82 80 58 67 17 71 61 38 30 71 9 67 81 20 67 85 0 36 57 98 49 40 84 25 6 47 24 64 46 44 6 66 13 35 90 46 4 22
88 52 95 58 24 23 59 8 5 19 57 77 13 0 57 27 96 90 22 47 97 89 75 44 51 44 58 34 24 66 50 19 92 13 55 10 66 78 24 97 46 12 85 77 13 90 40 44 27 55 80 27 37 18 69 27 12 44 68 51 43 78 2 62
25 12 17 80 19 55 27 2 17 90 91 49 66 12 1 86 39 74 69 87 78 4 46 90 87 25 8 59 37 78 2 24 26 59 0 80 2 82 14 26 31 47 31 49 27 80 91 69 79 55 10 17 23 47 30 42 55 57 96 18 30 36 84 98
21 91 39 80 1 91 53 37 90 74 63 49 42 9 6 75 58 62 13 93 4 2 26 18 20 59 12 62 7 94 41 99 91 41 68 44 74 91 48 23 71 3 72 54 3 16 88 26 25 97 40 32 73 28 64 25 48 99 54 62 24 15 9 7
56 18 86 98 90 90 96 22 16 12 96 19 55 5 59 65 71 63 92 97 2 15 75 36 66 57 23 90 79 2 93 32 97 24 77 24 43 9 57 18 60 62 85 50 61 88 25 83 44 38 76 81 84 63 26 88 43 42 4 55 78 7 50 11
45 87 94 86 31 20 77 97 23 98 2 53 80 11 46 31 14 17 91 13 73 95 69 70 31 50 62 45 66 8 34 40 30 8 39 0 31 37 95 23 15 18 13 16 12 58 58 43 94 83 7 5 86 60 52 51 60 62 55 73 88 57 74 83
2 69 3 98 66 52 97 86 29 34 43 18 18 3 69 81 85 4 49 72 39 57 67 35 4 15 77 95 91 66 52 20 89 6 20 26 6 82 26 33 42 92 34 57 86 98 80 57 1 66 65 8 35 48 82 52 6 68 45 55 58 76 73 39
63 62 27 82 15 39 94 10 34 19 18 73 66 43 90 86 91 62 52 9 22 31 83 58 28 72 84 72 61 53 48 43 43 58 89 25 52 24 77 82 66 64 83 66 54 55 12 65 88 64 40 53 76 93 1 66 13 75 71 42 56 41 20 61
54 83 66 19 14 21 13 1 16 60 33 64 15 56 3 37 65 86 10 11 5 89 65 55 83 58 28 92 21 51 67 19 13 99 74 21 23 90 84 11 95 29 30 99 9 28 23 37 11 77 27 85 85 10 40 5 15 30 29 66 21 80 47 77
40 35 71 57 68 27 39 35 11 31 15 92 70 83 58 42 13 73 32 3 59 48 30 66 14 91 59 43 69 13 5 82 23 49 91 6 53 8 77 11 43 55 28 63 21 71 16 15 93 99 90 81 56 75 6 39 92 80 43 5 50 61 87 10
4 66 36 83 15 73 74 27 87 31 80 82 45 51 61 0 27 73 52 43 23 60 62 27 53 19 48 6 76 9 82 21 20 38 8 21 59 97 83 82 45 61 46 60 97 91 87 7 34 1 82 32 28 76 19 7 40 94 33 31 52 43 82 1
61 33 49 61 44 35 72 11 24 2 90 40 8 29 46 99 87 28 53 30 29 21 1 51 1 79 33 84 45 56 54 98 65 46 53 29 66 10 14 54 92 3 21 30 80 83 81 72 13 78 69 32 66 47 84 15 38 6 21 97 90 67 32 85
47 37 71 29 61 45 95 57 24 91 96 14 78 81 83 1 43 42 52 81 14 68 44 36 33 48 14 17 43 23 88 15 39 60 71 88 86 3 11 53 57 38 60 97 32 25 80 39 18 81 99 65 94 62 11 88 32 51 56 63 61 61 70 33
3 29 86 77 76 96 35 65 50 88 30 81 97 14 71 52 31 0 66 33 31 66 2 78 24 31 73 95 61 92 61 57 10 13 12 11 36 63 82 76 50 60 8 32 35 21 52 22 24 70 25 18 16 78 51 58 14 74 55 95 35 97 49 50
45 76 95 78 38 33 43 53 78 95 55 28 15 78 85 43 19 40 23 11 83 3 88 80 32 84 91 96 96 34 30 53 28 13 84 89 51 11 88 10 42 78 32 91 29 69 54 81 86 63 63 21 4 67 0 72 30 12 10 80 98 92 43 32
17 59 3 98 10 62 68 96 58 65 35 6 90 37 25 57 53 11 1 48 22 11 78 83 76 14 21 62 0 66 0 10 92 5 92 96 4 99 2 14 10 71 21 10 42 15 69 11 31 10 92 82 77 1 94 66 2 74 33 79 97 59 64 1
89 32 24 29 41 3 65 14 30 87 11 15 28 83 24 98 95 62 41 42 35 39 33 3 7 86 56 47 39 24 67 8 51 1 11 30 59 85 35 94 29 36 32 21 87 19 9 45 25 5 97 52 33 33 96 98 76 96 25 30 13 6 73 37
56 55 18 75 22 39 67 14 6 9 39 25 96 81 91 65 42 62 82 65 99 83 62 66 13 96 55 43 66 25 30 50 40 0 65 11 33 9 97 77 62 29 63 18 14 96 41 38 46 36 9 51 15 41 29 76 51 5 75 76 20 14 87 26
38 79 11 10 99 6 16 8 14 70 70 13 73 43 27 65 81 33 24 27 39 13 96 85 5 60 46 56 82 40 17 86 81 66 52 28 10 29 75 47 71 24 59 25 60 99 39 26 78 35 4 74 54 54 23 31 5 2 12 48 88 55 25 69
24 78 36 28 0 51 79 44 70 25 57 59 19 66 96 42 76 66 0 5 56 88 37 47 32 49 22 11 51 51 90 24 5 64 9 73 37 49 96 5 80 24 12 56 7 9 9 48 91 43 64 54 51 69 85 12 53 70 23 86 1 18 24 22
5 19 57 77 64 65 76 82 6 53 14 36 71 75 38 76 80 91 24 40 12 63 63 18 3 59 77 64 59 28 35 74 9 19 1 94 51 12 91 69 26 83 27 0 72 92 43 78 15 30 34 78 32 54 37 12 7 6 66 58 79 92 32 33
81 80 65 69 58 32 19 90 71 42 27 15 52 50 59 30 63 93 96 67 16 83 50 20 46 27 19 79 2 30 22 62 8 10 3 13 66 67 22 70 2 77 51 79 50 11 71 39 61 70 24 32 23 14 29 68 57 29 70 87 13 85 14 67
67 91 95 44 70 25 26 70 91 83 22 39 71 63 57 53 21 37 93 64 28 82 79 2 49 64 69 8 75 6 19 7 40 28 83 80 56 55 10 21 24 99 97 4 49 46 25 77 97 86 74 14 56 68 47 50 34 14 25 55 41 38 40 7
0 40 74 24 73 46 1 75 18 56 74 0 10 4 88 94 74 86 79 6 2 52 32 91 46 14 66 38 87 52 90 69 29 98 24 74 67 76 59 59 14 64 81 42 55 9 75 82 77 83 95 92 77 25 41 33 72 41 76 21 91 55 71 95
44 80 73 45 39 27 45 79 53 27 91 81 18 91 42 50 52 57 84 7 22 8 46 49 60 78 21 20 16 93 46 92 80 67 61 78 16 40 31 65 6 78 97 75 29 11 48 96 92 74 57 17 43 86 82 60 86 3 27 88 58 73 12 86
59 42 64 8 46 33 22 50 56 39 86 14 9 30 57 52 6 0 66 20 60 20 86 86 1 53 31 4 10 96 31 42 53 15 56 19 11 67 31 34 87 34 88 13 3 20 56 90 1 72 63 88 57 43 72 58 24 58 93 30 41 74 23 89
46 28 17 31 63 46 90 51 35 79 11 89 90 32 47 10 9 23 35 74 24 69 52 8 89 68 3 19 87 80 85 39 92 59 67 43 56 54 27 71 73 99 39 22 94 31 58 12 40 72 87 65 49 60 18 65 56 23 67 55 13 99 96 34
73 95 91 94 57 3 86 67 91 24 48 4 63 12 43 5 5 85 14 70 91 82 64 97 13 5 79 20 16 28 23 2 64 33 33 62 36 17 34 48 26 53 74 74 38 90 89 20 36 95 94 72 34 95 60 56 63 85 55 21 74 47 74 59
60 95 11 47 88 79 55 71 44 25 20 95 76 56 71 1 19 23 97 69 74 47 78 27 11 96 31 22 11 15 40 49 69 58 26 73 63 89 41 18 61 59 47 70 80 63 99 74 30 0 17 14 53 72 52 94 2 57 2 27 85 64 35 26
