50 16 66 11 73 18 8 35 37 18 11 16 22 69 34 59 25 57 16 95 17 23 30 85 42 12 10 10 54 51 24 26 84 15 48 8 57 65 87 44 3 53 58 84 40 6 52 38 81 74 94 64 94 80 20 35 30 21 12 7 69 47 67 71 60 27 72 88 32 71 48 52 68 24 10 98 93 74 19 41 46 18 89 10 55 67 97 52 10 55 88 55 26 99 7 26 82 99 11 96 32 41 11 19 90 45 8 1 7 84 18 0 57 55 4 0 39 15 42 45 70 23 6 37 1 41 35 86
69 43 46 77 27 64 47 14 1 46 3 17 80 40 42 39 91 85 69 78 11 96 88 92 45 33 98 47 87 91 34 65 63 14 11 40 33 62 50 9 20 38 30 63 61 53 46 36 89 71 86 36 50 29 85 77 67 15 6 47 95 1 61 3 0 80 55 83 33 59 81 25 70 73 69 71 89 28 44 14 50 60 39 11 5 36 21 68 90 34 2 82 13 29 80 12 61 44 0 21 79 86 89 5 9 98 72 42 99 21 74 71 51 49 48 36 54 19 71 41 27 90 60 6 55 63 53 88
53 32 62 54 97 90 77 24 56 4 15 82 47 79 20 14 63 61 97 10 23 13 90 14 62 77 54 70 7 73 57 41 84 43 92 57 98 63 80 52 83 31 66 30 19 35 50 86 92 61 31 78 82 97 87 9 28 19 37 3 47 23 14 18 38 34 36 94 42 79 16 88 57 24 40 16 25 47 30 92 5 40 28 77 77 47 62 85 87 84 29 35 63 82 25 77 2 8 39 84 16 49 98 20 55 75 97 9 70 9 80 57 82 73 70 91 87 64 27 87 86 44 97 57 59 7 40 20
44 32 11 81 73 25 40 66 39 73 18 2 22 5 34 24 10 67 22 20 79 30 83 45 23 68 32 12 23 18 53 43 79 76 93 97 9 9 34 88 28 10 88 2 66 13 98 95 12 23 30 81 3 61 71 74 48 25 24 27 87 61 1 24 51 26 89 8 42 6 55 68 24 96 23 98 24 77 36 92 41 77 55 94 85 24 34 75 89 21 48 62 61 26 19 38 67 17 86 79 32 94 44 53 34 55 30 19 64 68 44 91 21 43 8 74 71 52 0 36 7 1 19 4 50 56 68 79
95 90 37 41 4 51 33 69 65 24 61 90 74 56 2 8 43 71 53 52 75 32 62 89 51 68 49 42 97 23 77 12 50 20 51 96 12 73 69 39 26 55 88 3 10 56 27 60 77 7 50 68 9 99 48 98 58 80 69 55 55 9 44 27 14 43 56 92 10 8 49 22 97 66 4 93 5 17 83 12 56 24 94 19 40 39 86 1 97 69 95 5 90 37 38 18 90 74 47 79 19 40 15 32 42 39 61 40 86 40 1 2 35 10 56 5 34 42 68 2 38 73 62 38 74 7 43 75
46 79 64 94 59 84 95 45 41 27 91 38 96 80 1 66 16 30 23 35 68 80 30 26 6 13 63 73 36 93 27 29 74 23 24 46 33 31 66 34 85 69 27 19 55 96 3 47 68 18 83 90 7 33 33 20 31 16 40 34 68 67 97 1 89 5 48 35 61 23 46 3 65 32 72 13 72 11 37 57 42 70 69 36 55 74 22 51 19 50 83 35 83 86 77 7 98 27 76 46 57 0 8 0 55 83 86 40 76 51 6 76 47 36 45 7 9 68 84 80 21 21 50 68 20 10 70 62
94 31 56 16 10 58 28 45 88 10 9 85 32 25 72 23 2 56 24 20 51 73 37 72 56 24 62 26 90 23 83 76 96 0 30 98 84 16 57 4 25 71 13 0 71 13 38 54 15 96 65 96 36 80 27 92 53 28 40 33 62 41 90 14 69 29 46 16 48 34 54 11 57 81 33 92 96 54 12 30 96 89 80 68 54 23 47 80 30 9 41 44 46 85 59 46 98 14 77 36 57 90 39 67 54 97 48 16 23 34 74 78 81 84 84 60 48 52 26 90 79 94 85 60 85 49 49 84
54 4 87 51 11 2 2 15 78 22 26 63 69 61 25 55 66 40 56 43 71 32 95 38 11 16 95 75 92 16 25 67 67 71 16 75 61 43 51 55 14 65 24 49 92 40 62 93 60 96 51 13 1 44 63 1 66 16 58 2 67 74 12 87 0 18 33 63 83 19 20 83 9 46 63 95 27 98 88 82 31 59 97 96 18 89 92 99 64 67 97 1 11 11 51 44 10 98 49 62 56 98 54 23 26 48 45 8 69 86 67 84 48 58 62 77 48 64 66 13 3 66 35 13 16 84 29 44
92 79 23 65 79 18 62 75 73 52 40 92 43 21 41 72 7 97 25 33 46 82 67 55 6 60 32 96 54 6 92 10 70 0 66 82 3 40 41 77 48 90 6 8 60 26 67 92 25 70 27 79 10 19 10 22 15 41 66 74 61 62 58 37 39 28 29 79 26 4 84 65 44 31 96 43 54 51 75 21 90 30 25 44 19 40 47 67 52 96 72 85 17 26 10 97 15 57 62 38 13 73 84 17 70 30 96 16 20 14 80 24 48 46 6 15 92 37 38 9 62 94 6 86 34 86 96 60
86 12 85 65 41 13 69 92 64 84 14 67 25 46 70 82 54 19 84 87 40 25 34 26 39 99 80 98 56 68 11 68 57 43 5 69 85 94 44 11 15 76 92 33 5 22 20 16 17 94 84 30 1 20 22 21 95 67 21 60 79 88 91 69 18 50 86 50 84 45 41 23 93 27 17 96 93 28 37 31 8 38 52 7 34 62 48 68 44 44 92 19 91 62 38 64 14 10 19 6 46 80 44 2 58 59 37 81 19 81 67 94 87 76 24 35 70 68 6 98 39 20 53 80 65 5 16 6
53 9 25 68 67 7 64 6 50 52 5 1 57 51 1 42 31 45 87 17 83 35 69 5 71 88 97 88 58 22 46 13 9 90 89 17 35 10 79 25 3 27 42 15 17 10 14 31 11 44 21 93 79 82 7 42 35 77 6 67 5 42 91 43 14 35 40 80 44 78 78 48 75 15 89 87 16 43 31 5 33 89 5 91 75 81 44 94 71 39 1 53 52 55 94 47 86 38 29 51 93 70 69 16 12 10 76 44 75 53 90 14 83 29 54 91 66 56 3 32 24 94 71 61 13 57 94 31
48 97 45 77 3 38 88 45 19 99 71 89 65 31 42 48 11 92 80 99 81 41 40 33 8 77 67 57 14 2 58 56 86 70 57 72 41 80 32 32 64 36 33 4 44 51 63 4 16 17 67 6 46 2 36 25 43 45 24 21 26 28 72 65 42 2 61 31 69 1 2 88 38 35 63 94 81 61 57 68 68 81 39 99 59 77 70 97 72 83 89 26 85 90 42 66 32 73 77 45 55 48 91 40 28 2 77 71 9 64 33 20 70 18 51 72 37 39 8 22 66 98 22 32 84 83 12 20
52 24 84 69 11 40 91 34 50 88 73 11 82 28 41 52 27 82 0 54 91 50 36 31 46 71 84 10 58 38 34 94 33 24 7 35 7 71 95 86 75 96 97 17 39 92 27 99 21 9 20 78 60 75 58 27 41 48 56 47 27 16 26 54 53 38 84 58 24 79 17 99 43 84 73 60 66 75 72 12 13 56 2 6 3 24 62 63 66 80 69 63 34 0 1 77 50 36 90 4 43 27 36 76 34 96 0 71 49 87 84 6 11 49 56 58 13 13 20 46 32 62 79 77 97 53 11 38
24 3 19 81 5 56 25 28 31 33 63 6 3 51 8 94 38 92 53 88 29 40 0 92 44 91 63 33 53 43 94 38 35 4 87 96 83 97 19 36 97 10 37 97 26 5 5 85 79 96 13 76 71 56 61 1 58 71 90 77 43 70 54 92 8 91 55 12 80 27 89 44 37 41 49 72 87 71 3 1 80 60 50 46 66 19 54 45 3 23 8 52 66 74 58 51 42 3 99 14 97 20 36 46 77 31 48 84 82 20 53 66 97 9 65 12 3 1 28 85 23 56 60 92 79 38 50 44
35 57 51 43 58 24 6 63 98 57 89 42 36 58 58 70 76 12 26 82 8 5 71 41 85 97 26 24 81 76 59 5 79 79 5 45 36 24 69 96 60 56 29 50 35 43 17 94 30 37 3 16 54 7 35 56 87 91 29 87 52 66 86 66 14 40 28 5 97 74 61 96 93 17 78 20 92 9 42 50 36 90 72 9 88 67 11 44 21 2 68 84 40 66 25 78 85 65 35 21 57 14 61 13 30 78 9 87 26 78 80 63 3 81 91 13 58 88 24 78 33 71 94 48 21 22 53 93
42 77 88 74 75 3 11 30 85 0 63 96 54 94 81 82 35 17 11 7 78 25 76 70 3 62 14 63 22 34 44 60 33 1 66 66 45 51 7 95 21 79 96 91 66 4 23 84 95 38 18 34 22 12 19 8 78 69 78 99 79 40 51 66 80 72 95 27 56 56 80 5 59 3 35 90 0 22 52 41 76 16 16 58 25 43 56 7 95 66 93 94 82 63 45 56 23 15 84 36 99 53 16 97 91 96 1 10 27 95 38 71 65 14 9 52 54 79 81 15 37 53 67 43 85 59 71 44
69 21 90 40 71 68 63 61 30 27 91 24 66 91 54 68 79 53 65 91 38 3 31 53 14 22 71 3 23 83 6 48 67 88 41 19 36 74 59 64 11 12 54 6 14 34 65 18 2 60 53 57 3 17 9 40 61 60 45 78 67 61 68 0 4 56 59 56 80 15 26 85 39 71 22 4 46 55 95 11 7 90 87 14 81 28 85 55 98 31 2 42 6 60 24 96 64 13 74 87 94 74 9 34 27 46 70 57 30 82 15 89 38 99 11 43 79 96 87 83 28 66 79 55 34 22 0 20
53 74 0 34 38 14 29 59 46 73 94 95 73 69 98 15 37 32 6 88 5 57 90 25 82 24 57 7 95 14 97 85 89 74 90 27 61 88 95 69 1 54 79 84 52 0 45 33 14 61 44 56 40 90 56 13 23 60 95 25 92 53 17 10 90 4 95 23 82 92 41 97 62 44 10 49 25 57 16 6 62 82 78 59 98 1 77 2 20 77 4 46 28 35 53 18 0 24 49 61 0 7 38 92 80 60 50 61 21 74 79 22 81 53 27 66 9 12 48 6 57 31 40 90 53 14 48 2
66 36 78 47 62 11 32 84 97 21 69 54 89 78 70 69 31 67 1 52 91 33 12 96 45 17 69 30 5 89 90 50 58 42 59 28 5 35 43 69 57 33 90 12 47 40 83 20 13 82 90 91 23 70 82 69 98 32 79 1 10 88 94 51 61 8 53 37 69 14 85 83 28 92 22 23 68 79 1 71 91 43 4 92 2 29 11 51 65 26 45 72 10 46 82 26 46 19 6 43 61 9 17 7 67 30 17 61 57 53 82 58 35 19 23 59 51 1 97 55 98 79 59 73 54 2 26 10
16 14 98 28 14 86 10 7 24 72 65 55 52 60 6 82 77 17 72 86 97 7 27 37 62 35 86 2 56 27 12 77 17 50 47 18 44 77 19 21 61 31 35 80 77 89 13 49 41 99 77 24 1 13 98 44 7 89 3 38 59 4 68 77 70 20 48 81 95 22 17 59 32 6 14 38 23 81 87 2 30 40 29 0 31 61 84 63 8 24 61 79 46 48 30 99 62 35 44 12 34 47 63 17 79 52 29 1 14 89 66 9 85 65 73 81 55 83 90 53 92 5 12 71 83 34 10 12
44 83 13 6 21 61 65 46 81 27 19 37 48 68 51 60 32 45 73 18 33 31 58 13 28 92 76 32 84 30 61 32 44 3 99 29 14 77 25 29 74 7 27 22 57 14 11 37 95 4 40 76 43 82 45 90 40 13 70 31 72 72 42 28 86 12 36 62 83 95 55 88 80 97 45 92 98 56 0 26 3 2 49 18 67 2 79 8 77 81 94 34 22 51 63 51 29 11 50 33 97 73 41 14 35 6 10 46 74 31 9 25 95 8 50 28 20 43 22 62 46 99 0 76 5 64 89 83
61 35 9 11 67 59 31 67 14 54 15 45 96 13 19 7 52 94 6 34 54 56 43 7 99 12 6 33 40 88 7 57 57 85 49 81 27 79 36 66 83 23 78 21 14 49 77 22 27 99 15 26 96 69 26 62 15 90 74 37 20 71 41 72 64 68 74 52 95 66 79 53 89 52 71 40 90 15 13 40 7 40 51 10 16 8 56 29 26 76 37 85 51 51 27 69 8 48 32 42 2 58 88 4 5 28 19 76 41 7 15 71 85 33 5 52 10 32 62 97 47 42 61 45 57 69 52 88
96 40 0 7 99 50 95 23 72 78 49 75 12 51 65 22 98 48 54 13 77 44 9 52 80 30 85 39 88 55 15 95 14 27 6 33 54 19 94 19 6 87 26 55 56 52 58 69 93 66 45 47 57 15 19 23 45 70 90 15 56 52 85 90 82 89 91 95 29 0 37 76 82 48 99 22 54 24 73 86 68 56 25 59 92 67 18 35 98 24 71 10 59 46 12 77 24 79 61 96 25 55 24 74 91 58 29 32 52 70 5 73 1 20 83 89 91 81 28 64 37 81 14 79 83 72 92 73
88 21 29 96 86 68 60 97 5 26 87 60 90 23 27 7 12 43 21 64 63 31 10 27 3 9 4 69 61 14 54 98 79 47 3 3 69 43 43 64 15 10 47 84 81 2 51 6 66 5 26 61 70 69 53 27 13 65 9 85 28 50 40 91 85 85 96 47 38 54 11 29 35 57 60 44 27 66 64 21 71 32 60 83 49 59 37 49 6 47 34 2 25 5 98 68 69 25 32 55 1 88 74 39 89 88 7 46 46 11 70 7 80 18 24 6 72 43 11 58 73 4 28 72 6 69 51 26
77 22 73 42 77 54 93 93 40 87 52 33 94 21 66 96 51 51 26 49 60 88 65 13 78 66 2 75 87 12 94 56 23 97 49 92 63 26 1 86 26 0 98 10 51 32 28 38 58 36 59 21 27 80 42 90 46 36 65 64 54 65 35 15 60 10 33 78 87 77 94 66 76 67 52 96 20 17 18 83 22 45 21 34 57 43 15 61 11 77 31 82 30 55 45 21 46 63 27 57 5 44 55 27 21 78 82 63 80 46 2 36 23 49 90 71 36 10 78 13 76 80 29 57 64 30 14 59
4 10 11 28 30 98 98 47 95 42 39 0 93 69 15 73 36 0 44 36 1 53 27 16 19 99 0 16 70 98 33 68 13 79 77 11 94 29 66 23 55 97 85 66 36 41 6 80 60 59 18 95 78 13 34 8 47 41 70 29 48 74 41 6 29 72 86 49 3 43 92 38 39 26 73 94 20 28 13 95 78 72 99 17 93 41 85 43 75 49 29 45 33 27 25 12 52 7 22 9 46 38 74 63 68 35 36 51 70 18 26 76 93 89 25 96 62 69 1 70 23 97 32 73 56 68 24 92
38 38 44 62 19 36 85 21 28 9 91 43 77 86 26 95 53 65 82 91 92 71 84 64 69 93 73 2 31 74 20 76 63 4 61 27 83 6 47 29 29 80 85 90 92 93 3 44 24 67 43 3 9 87 71 5 40 18 90 51 64 40 93 61 26 79 15 60 28 18 20 23 24 53 33 33 25 80 59 32 76 95 56 0 21 1 22 65 67 67 35 13 52 54 96 93 8 80 25 65 91 98 61 47 19 92 23 89 58 1 57 34 16 0 57 18 12 89 73 12 73 8 36 67 53 78 34 47
53 38 98 4 54 58 63 83 33 95 55 84 76 45 41 53 64 92 3 19 92 94 29 87 68 26 26 58 14 5 72 97 31 98 6 45 81 45 69 66 23 23 0 46 14 96 41 39 75 98 29 83 70 87 82 31 38 81 86 53 44 68 85 77 97 11 46 87 53 73 42 22 52 52 10 72 21 84 24 60 30 57 16 84 95 93 11 78 23 96 6 11 14 61 84 69 72 68 65 98 33 97 99 22 81 65 56 15 84 83 27 26 90 31 71 23 51 63 65 39 57 14 48 47 71 37 43 50
83 16 97 80 1 80 17 4 35 49 35 85 11 75 76 80 94 59 80 86 39 88 66 43 85 98 79 96 3 3 17 29 78 43 67 36 44 13 68 59 37 53 33 74 92 85 70 29 82 44 86 35 1 42 77 38 79 60 5 35 6 11 65 25 7 17 33 16 9 38 62 43 68 26 31 38 10 75 99 22 28 21 37 23 87 22 64 37 16 98 71 67 92 75 12 56 35 1 30 56 58 9 17 83 34 62 23 47 94 38 66 36 24 99 60 70 13 74 75 52 12 54 23 10 5 86 15 45
22 61 95 82 79 79 87 13 58 97 5 48 79 72 3 84 94 26 72 3 52 79 86 76 46 20 1 92 30 21 90 17 32 67 90 0 23 15 85 28 97 81 75 4 41 0 10 11 52 91 61 81 91 79 18 48 6 8 48 46 88 6 20 86 37 71 14 63 60 44 51 26 91 72 14 69 8 54 60 75 73 41 55 72 95 38 20 90 95 86 68 56 84 25 33 60 25 60 50 85 56 4 77 24 43 36 8 31 8 72 31 60 99 64 32 65 93 55 68 35 95 67 36 83 82 23 36 61
83 41 71 64 35 79 53 86 28 0 72 76 8 24 89 11 4 88 53 61 43 44 20 9 32 20 40 2 45 78 94 78 50 42 65 61 20 62 81 54 14 75 83 58 20 39 64 95 14 7 29 2 4 43 49 19 96 76 64 76 64 13 60 98 9 44 77 5 58 44 87 72 74 67 92 72 17 82 15 86 24 1 56 25 61 62 81 74 49 14 39 42 30 25 13 73 58 99 69 30 42 71 7 97 83 24 57 98 28 90 96 65 5 90 82 31 73 97 22 66 71 40 91 8 45 90 50 12
15 48 90 54 58 60 8 62 78 52 22 81 18 59 58 22 92 11 25 52 50 32 30 93 67 7 48 93 0 80 62 71 94 0 33 98 45 1 78 18 75 41 33 43 68 95 41 4 5 90 13 66 2 42 96 22 23 91 96 18 82 69 6 86 52 5 23 56 70 18 53 84 27 29 60 10 90 38 85 77 70 9 29 55 29 72 56 87 29 93 45 34 23 96 48 67 51 7 54 45 29 4 30 79 91 37 68 56 57 3 74 37 69 39 15 81 6 98 98 2 18 61 35 0 82 5 61 43
17 61 0 82 5 80 29 87 15 59 58 7 46 67 11 48 48 80 45 70 36 27 4 23 94 35 88 18 6 37 24 38 20 17 55 16 50 53 16 1 75 23 12 51 65 20 31 95 31 40 67 81 0 42 81 86 87 0 98 25 99 91 83 57 42 53 99 68 90 80 36 62 47 33 87 34 13 37 75 87 94 74 87 66 2 29 34 3 90 88 73 95 59 14 17 40 2 19 52 37 57 97 87 69 29 95 25 85 28 88 43 95 51 94 30 66 82 43 49 9 54 68 52 91 29 0 60 35
97 63 43 10 67 17 28 80 23 96 30 75 40 63 22 2 90 85 12 88 41 18 6 62 43 26 38 4 37 20 34 72 22 27 22 20 1 64 74 9 14 59 53 88 63 60 71 8 90 27 30 89 32 68 59 64 94 26 47 20 48 61 48 25 99 49 93 34 65 44 17 53 94 85 39 87 9 3 63 80 80 61 59 48 31 69 21 53 48 36 55 65 72 16 66 81 23 92 37 74 31 27 73 33 82 96 76 12 92 50 77 23 76 48 75 31 98 30 27 54 30 78 54 54 45 7 25 97
44 5 14 43 81 72 59 64 29 69 32 68 13 69 40 53 66 59 36 16 2 68 94 55 19 51 50 93 54 66 11 32 92 43 42 78 92 55 11 95 82 89 92 52 16 62 24 82 6 32 87 72 29 52 23 69 98 86 38 29 56 6 38 15 58 31 87 92 15 92 44 22 53 60 20 54 6 67 60 13 73 39 3 78 91 88 99 23 80 13 63 12 61 86 33 74 24 84 0 43 4 12 85 0 9 49 28 64 38 87 29 42 96 5 57 94 86 78 71 29 78 64 39 93 18 42 60 12
94 7 30 34 42 52 19 80 60 55 35 5 73 50 54 51 58 90 72 8 83 17 85 92 77 62 19 9 74 46 49 76 10 74 12 39 28 26 31 73 3 8 38 36 24 76 75 64 29 99 20 21 65 47 70 20 89 22 89 77 42 94 83 35 24 44 45 87 11 64 35 93 53 92 49 27 36 57 22 24 49 48 16 33 11 70 10 96 49 14 35 51 70 97 1 50 3 49 3 90 51 95 38 41 32 81 17 73 6 75 90 81 5 86 40 20 78 52 31 19 20 26 36 9 84 2 24 6
58 40 61 80 10 42 5 1 9 40 52 76 29 23 45 98 45 81 2 9 87 92 32 78 79 61 39 8 9 2 50 9 95 63 5 79 6 7 41 44 99 85 23 43 4 30 83 94 80 47 60 30 76 65 23 42 5 50 46 44 91 79 73 7 63 25 7 91 14 4 47 45 83 88 38 83 78 65 62 91 28 68 57 37 23 15 3 26 28 63 47 7 33 97 0 18 43 52 67 92 70 35 30 48 28 80 36 47 65 54 72 36 48 52 83 34 56 56 61 88 68 60 40 69 77 43 86 51
87 52 88 43 82 15 17 32 21 61 85 82 10 42 87 29 50 24 5 91 85 49 75 40 59 77 98 7 76 58 67 40 33 12 24 13 44 89 54 89 92 63 24 77 48 72 71 12 22 96 79 95 94 97 83 48 23 79 57 73 98 82 99 94 16 6 77 34 82 61 47 76 72 65 38 72 57 40 84 63 11 69 85 38 70 12 49 11 54 68 86 86 5 76 58 72 70 52 55 19 78 44 26 31 46 98 38 51 56 72 58 2 20 88 80 90 1 76 31 56 98 25 40 2 88 26 76 11
98 78 11 20 99 39 94 9 6 16 4 86 76 16 31 37 11 5 13 79 43 86 75 61 57 98 37 84 84 16 45 72 71 32 87 97 10 12 50 10 13 27 64 96 87 23 83 64 43 46 98 70 35 5 97 28 74 22 36 16 22 45 74 67 26 17 46 48 16 30 79 69 19 49 14 21 80 28 90 83 87 73 22 14 78 61 52 78 63 45 71 11 39 54 38 36 21 51 15 18 9 70 64 88 94 61 10 36 19 10 50 63 85 72 5 39 15 25 83 77 12 6 45 22 79 49 4 57
12 11 82 91 79 57 81 48 77 37 0 12 84 43 80 45 59 38 87 46 82 44 36 97 82 19 52 85 48 40 22 99 48 54 68 7 12 2 59 27 44 34 47 20 89 98 45 64 65 6 7 71 8 56 66 4 64 70 17 50 59 68 41 54 11 81 89 27 85 45 58 56 23 45 28 90 15 8 85 25 40 99 20 3 0 72 84 33 40 28 69 65 52 17 27 73 92 20 70 96 20 78 86 20 25 89 78 25 90 55 97 87 5 40 88 28 21 26 62 77 36 96 18 93 91 62 21 35
46 69 23 75 0 79 90 68 48 59 71 52 80 20 55 19 51 6 42 77 21 17 38 38 10 45 8 14 87 14 21 60 85 86 1 90 63 49 6 67 95 35 79 98 20 75 0 52 76 27 56 28 8 29 25 71 57 45 67 31 53 95 29 85 38 8 44 22 46 90 22 81 5 4 31 86 84 14 94 10 70 69 47 58 78 0 64 8 82 36 11 54 33 23 41 52 91 53 13 76 65 41 84 70 1 77 11 98 26 78 88 41 73 12 64 72 70 65 66 95 19 9 60 1 86 7 62 60
74 63 57 89 23 94 23 66 13 39 54 15 94 58 55 28 96 71 35 83 94 47 1 52 72 78 25 24 98 14 65 84 36 3 45 24 48 8 76 84 11 21 84 50 78 68 89 51 69 9 25 70 19 1 42 29 86 26 5 42 6 33 34 61 95 37 67 20 30 2 22 48 55 13 34 23 15 58 41 37 51 83 4 76 78 79 54 55 39 43 85 2 31 81 12 91 11 35 48 32 41 20 99 2 95 53 61 59 65 62 99 98 60 92 37 37 43 34 16 16 93 64 1 68 53 27 34 37
65 50 49 73 16 64 39 93 53 49 92 56 95 94 7 80 54 76 19 95 54 6 43 42 91 40 47 26 71 15 6 10 18 40 24 42 31 95 32 69 92 61 88 7 36 15 79 40 74 2 93 58 3 50 82 56 57 58 23 7 97 13 76 63 52 36 6 42 29 52 55 11 37 7 51 35 7 55 23 53 40 77 62 60 75 21 89 50 10 54 85 24 4 26 36 46 30 60 88 10 1 82 57 54 9 79 56 78 90 34 21 12 96 30 10 87 95 42 85 97 86 37 95 81 84 79 17 99
72 9 23 13 0 40 33 24 97 39 72 69 23 97 55 30 68 98 57 26 27 48 28 60 10 69 3 84 63 25 53 6 30 18 23 35 5 29 83 10 28 7 93 93 68 15 91 41 26 48 39 36 3 48 33 7 24 99 24 22 8 5 13 95 57 74 72 11 83 57 38 86 9 35 89 64 19 66 91 63 16 87 83 59 22 43 7 10 38 28 41 95 94 62 32 87 78 62 87 26 24 93 65 10 77 80 7 73 12 75 74 40 86 63 22 0 8 62 43 76 84 61 83 61 2 93 28 52
37 7 51 76 23 61 95 50 34 46 6 96 20 90 15 51 46 31 50 98 1 78 7 35 65 92 57 0 43 21 75 14 15 92 30 40 96 19 89 49 85 79 78 77 83 27 85 77 42 0 63 76 16 25 44 95 25 81 73 25 65 6 93 69 89 11 37 36 92 85 74 64 90 25 91 59 60 87 34 29 66 44 69 86 55 43 38 79 25 82 64 98 64 46 19 20 39 46 28 87 94 90 63 5 73 41 59 6 40 83 68 82 32 26 68 65 19 60 12 13 92 82 16 57 11 29 93 22
81 59 81 95 19 31 9 54 15 1 89 68 37 11 10 51 84 75 21 93 79 17 10 88 57 98 26 10 97 32 63 75 21 27 5 75 60 63 59 97 2 4 76 90 12 42 1 2 6 0 67 60 54 49 21 46 69 0 80 93 71 96 98 67 54 33 64 48 63 56 86 0 33 37 58 93 92 65 14 35 57 72 55 77 35 2 30 46 33 86 12 12 56 19 26 6 50 62 28 9 29 36 2 72 34 70 2 61 62 45 14 64 48 69 34 52 99 40 44 19 83 25 0 49 64 64 85 68
70 32 11 93 16 61 79 80 39 11 93 44 74 30 96 51 76 58 8 41 65 66 34 84 80 34 60 95 9 91 32 25 93 98 91 95 29 47 40 94 88 39 25 92 32 87 24 65 0 66 37 83 16 73 34 29 98 50 50 87 19 43 96 64 2 58 17 1 31 53 47 58 61 70 62 55 83 68 48 72 0 81 95 28 72 2 93 37 99 24 65 96 43 15 76 65 48 44 10 91 34 98 72 63 94 5 68 69 24 54 22 7 61 36 45 61 67 78 91 42 41 24 93 13 9 84 39 12
52 85 97 26 88 9 84 96 48 67 85 45 53 87 8 56 44 38 84 56 74 15 96 96 78 90 12 34 83 49 98 83 34 26 80 76 74 37 90 35 43 77 75 43 12 83 5 92 40 3 25 32 1 11 25 47 15 34 19 34 1 72 51 99 1 64 26 27 60 36 2 76 71 49 33 43 16 91 26 97 37 83 35 3 18 92 90 59 23 90 11 36 18 14 8 3 25 90 41 85 36 95 2 27 6 75 92 93 59 70 27 48 80 60 46 24 59 79 76 21 64 9 1 69 33 45 98 4
39 33 6 14 91 89 82 59 12 27 43 3 11 38 55 88 77 52 76 62 3 10 32 41 3 70 61 47 33 35 19 58 42 28 77 47 17 32 87 23 52 96 28 19 56 33 6 32 96 65 2 45 80 41 81 66 36 87 55 22 78 55 19 46 15 9 89 49 66 66 15 86 23 94 2 34 19 33 17 21 63 29 48 95 70 59 48 45 28 4 1 97 6 76 49 95 70 49 33 43 41 2 5 25 40 17 10 68 69 75 71 63 74 94 32 71 82 77 47 60 95 33 87 85 15 27 37 26
93 22 8 36 95 5 35 87 5 41 83 80 26 87 43 37 27 24 92 60 91 81 62 50 29 58 3 12 0 15 61 25 58 83 85 33 54 99 36 2 72 93 68 29 34 73 85 5 8 53 50 11 13 83 93 44 97 71 49 56 84 8 35 80 95 60 7 11 66 84 66 71 3 33 32 74 77 97 42 51 4 2 16 92 57 70 26 92 36 96 39 39 23 25 78 72 50 67 89 85 21 65 37 45 72 3 17 72 14 84 53 28 89 27 95 82 61 15 83 13 72 6 68 67 2 84 4 72
86 13 76 68 9 56 75 49 91 8 79 29 87 1 79 72 29 43 65 41 99 19 81 32 5 27 66 11 16 87 32 48 75 46 47 33 75 15 35 75 24 97 72 45 63 85 28 34 32 45 9 8 69 13 88 53 83 52 97 25 9 13 86 45 39 83 70 12 84 59 66 50 27 11 16 76 46 98 65 40 4 27 48 57 12 84 68 16 7 8 31 27 10 79 81 2 52 8 6 15 22 9 45 24 32 11 45 77 81 33 45 46 97 35 30 19 71 15 68 88 87 49 65 64 78 28 60 8
18 48 82 11 25 91 30 35 92 27 30 30 5 22 69 43 28 0 44 94 36 34 75 52 6 35 50 32 46 34 14 48 53 92 27 58 35 75 60 91 14 67 22 11 79 89 52 12 80 75 88 51 20 45 38 3 36 82 10 23 60 25 88 92 11 14 13 17 27 97 31 11 21 67 32 78 29 54 22 97 83 49 59 30 73 45 34 66 62 87 98 58 28 62 46 87 33 35 82 28 36 5 96 41 86 81 21 43 2 59 39 74 60 97 33 87 94 98 64 56 30 9 45 48 50 11 8 64
17 7 98 53 18 85 83 90 95 13 63 94 72 73 41 56 50 70 69 72 38 70 91 3 16 24 76 41 45 51 36 99 30 8 32 61 36 78 95 99 85 68 62 22 10 77 22 60 34 12 14 95 27 91 40 47 4 65 28 60 16 72 78 48 41 60 49 7 80 10 25 74 59 86 62 93 43 99 27 60 75 96 80 84 6 34 31 26 91 18 33 84 90 82 59 35 84 86 27 18 15 2 19 15 5 54 80 72 4 31 88 94 95 3 24 86 24 56 0 3 77 85 76 21 90 76 63 98
57 35 12 16 85 90 36 91 47 41 69 31 53 64 21 2 72 43 88 1 63 24 34 20 15 0 45 94 35 57 63 53 40 77 51 57 34 76 12 30 87 4 64 42 7 50 99 53 32 42 53 29 28 98 91 94 40 86 71 53 7 88 18 15 73 14 43 74 6 15 17 53 39 43 77 8 25 81 51 90 61 1 30 83 96 16 93 35 72 24 51 40 37 68 29 39 22 62 37 88 74 42 53 31 30 71 53 17 55 72 64 44 40 81 8 61 1 51 82 97 18 94 36 97 22 90 36 94
53 33 32 97 15 25 96 13 85 43 52 16 89 64 43 8 13 47 82 15 76 75 8 6 53 66 78 13 2 83 72 94 63 85 67 64 94 77 82 99 41 82 66 0 25 96 42 35 11 20 61 39 63 18 17 6 33 19 50 66 95 9 35 0 12 43 12 76 61 76 65 81 64 50 17 79 9 56 52 41 4 67 26 77 20 22 84 86 88 45 75 74 82 80 50 99 6 47 83 61 33 55 98 10 27 44 77 93 60 76 7 17 5 31 37 7 28 80 0 50 89 73 88 7 69 89 30 17
79 74 76 10 76 80 72 53 13 91 37 3 87 5 86 41 56 14 99 49 34 72 88 37 39 12 24 31 94 10 72 88 43 56 30 84 13 29 28 58 60 50 83 9 64 99 3 5 25 92 70 51 51 0 97 77 60 27 51 21 24 45 49 85 60 18 69 62 54 80 25 70 74 56 44 76 45 89 69 37 74 12 32 56 85 17 45 11 88 2 55 70 94 10 45 35 40 96 27 59 68 51 49 36 48 87 59 99 13 28 11 88 97 74 31 94 40 41 18 26 79 35 42 24 88 14 72 12
91 37 14 75 11 43 66 94 98 36 93 21 48 81 93 65 44 15 12 32 45 40 80 12 82 41 25 91 99 60 24 20 6 55 70 88 57 33 23 36 19 98 52 28 66 21 42 82 6 80 40 57 27 23 28 42 92 80 27 98 59 89 16 47 72 0 93 42 13 26 10 22 6 83 36 12 63 87 53 79 97 13 5 7 28 69 26 74 54 41 35 21 10 55 25 26 53 85 11 76 4 8 92 85 16 23 54 59 57 51 93 81 95 3 62 16 14 27 69 84 30 45 25 3 51 69 60 54
8 59 26 32 53 73 46 87 91 43 60 91 5 66 74 11 18 13 69 5 88 51 71 8 56 28 34 16 69 30 47 56 83 8 36 74 82 44 35 39 68 14 40 37 86 55 48 39 68 1 0 36 98 64 77 72 32 15 85 63 21 79 25 69 89 30 94 9 85 78 48 50 56 44 67 14 62 19 72 44 85 17 26 86 16 18 77 84 24 66 78 75 75 26 81 13 99 92 48 2 4 1 48 40 16 43 23 23 43 93 97 7 6 99 70 45 18 67 53 59 71 43 75 84 2 97 4 47
13 84 3 38 66 69 89 80 83 36 51 36 13 55 60 94 65 84 96 14 97 67 98 11 25 45 27 31 42 58 61 84 45 77 5 28 82 3 0 27 82 71 38 52 0 69 30 60 7 12 88 23 53 12 58 47 23 94 19 87 96 77 45 12 14 51 41 1 69 83 74 57 62 33 61 9 90 87 51 82 48 72 9 90 47 85 22 20 72 73 74 38 74 44 77 19 0 16 34 89 46 66 8 91 65 58 93 32 60 79 57 19 17 25 1 71 37 38 11 30 32 76 26 63 54 48 68 2
80 42 8 91 34 49 52 57 56 19 13 2 46 85 13 35 19 51 10 37 69 13 8 94 50 88 0 44 38 37 79 94 8 37 20 50 59 76 19 84 16 15 79 98 54 44 1 79 53 16 57 92 74 85 11 11 56 38 60 41 37 46 2 8 68 82 64 45 80 69 14 54 68 60 56 94 32 24 56 35 72 4 78 34 37 42 49 98 1 56 29 46 92 56 71 83 97 35 7 53 66 1 5 92 33 79 29 47 63 64 97 82 83 83 42 97 56 73 16 29 8 44 3 2 96 95 50 38
57 76 86 0 53 95 41 84 74 26 3 33 21 57 67 16 36 87 4 5 67 74 46 70 8 89 22 58 33 42 69 36 49 1 96 66 35 5 15 53 73 96 30 31 8 53 84 41 65 82 72 93 47 29 16 70 40 40 21 32 95 86 23 31 97 4 15 38 24 62 29 30 72 86 27 20 56 71 34 53 26 74 57 92 92 27 58 25 87 65 38 76 30 43 25 76 26 72 98 6 14 96 60 31 81 72 54 70 24 31 79 11 12 42 26 99 5 44 82 64 11 78 67 33 50 41 73 43
3 78 77 89 93 19 3 58 30 56 98 33 74 4 70 52 52 86 18 83 6 19 8 54 33 78 96 17 55 48 19 67 6 31 56 56 91 1 44 35 8 14 78 88 21 92 1 78 94 66 84 70 91 77 61 96 9 83 33 47 46 7 20 45 99 14 72 48 14 36 29 91 83 21 10 94 65 87 98 13 70 74 76 93 19 38 91 31 23 13 11 50 83 22 49 38 93 77 27 9 26 40 89 1 89 19 92 76 30 36 78 42 47 10 91 59 91 94 50 27 13 37 40 96 30 25 97 30
51 12 66 41 36 17 27 79 23 81 98 14 62 39 36 83 61 30 63 73 8 35 69 1 28 46 47 63 27 92 67 93 39 4 90 54 47 15 13 54 64 27 38 92 96 87 43 35 26 82 69 26 53 51 88 48 31 14 23 12 24 50 16 31 44 79 59 45 20 39 76 36 98 85 48 83 57 98 28 85 42 37 87 51 19 67 86 77 89 12 27 4 77 69 81 64 55 51 40 1 75 24 28 23 56 60 85 85 46 42 74 84 78 61 22 43 86 37 14 6 96 3 12 4 4 32 90 51
77 8 34 57 73 80 24 70 79 36 52 96 97 98 43 97 51 10 42 86 75 77 50 49 14 49 73 71 91 54 67 28 65 63 57 78 32 25 14 62 51 4 31 54 20 53 70 70 25 6 38 2 0 15 9 78 0 3 97 53 29 8 71 8 73 4 77 18 93 94 49 39 53 42 47 99 75 56 86 12 49 89 58 99 45 48 99 64 92 0 2 51 28 24 20 73 41 35 8 8 66 25 85 22 25 88 77 23 86 26 76 47 37 81 40 86 78 1 52 53 39 24 5 61 73 17 20 27
35 70 7 31 88 42 34 2 52 29 61 39 73 59 33 32 61 73 39 11 45 23 42 1 51 1 6 47 26 83 40 75 48 20 85 77 37 68 40 73 54 67 51 68 90 19 26 4 70 99 57 53 40 80 16 35 11 2 27 35 1 42 61 76 8 90 97 24 14 74 51 15 62 50 21 75 28 0 48 70 9 77 84 2 95 52 80 8 63 31 41 57 23 45 77 20 79 78 91 65 85 31 16 9 6 29 21 96 41 29 76 90 76 11 59 2 17 96 78 3 57 45 86 2 69 58 84 9
15 70 44 53 63 38 34 1 22 12 66 0 35 20 29 60 88 18 98 37 39 84 76 76 61 33 18 92 4 46 45 58 97 66 91 88 71 74 14 78 38 71 29 29 50 0 52 74 63 20 84 47 53 93 53 84 71 63 50 28 91 98 90 1 51 2 64 77 6 33 80 54 9 70 89 41 68 97 42 10 73 87 29 58 53 61 3 54 51 99 51 1 85 46 34 9 79 43 61 68 42 8 30 20 41 18 27 28 61 98 57 42 58 62 6 57 8 96 58 3 66 75 50 75 60 5 88 36
94 37 5 5 2 26 94 50 19 59 2 80 99 68 4 19 84 55 40 34 14 27 42 83 72 10 62 60 72 33 10 97 82 66 33 60 3 61 94 75 18 31 30 4 55 93 59 3 68 53 65 27 44 65 6 68 47 93 13 43 67 72 20 22 31 29 1 66 17 76 31 15 15 37 15 54 37 65 92 51 32 65 67 26 32 8 96 62 74 49 31 60 22 54 85 32 85 11 46 25 49 43 70 56 80 87 24 4 39 49 67 25 24 49 45 63 96 8 75 33 38 34 66 47 70 62 14 58
42 72 56 29 39 88 48 5 27 16 38 22 78 39 2 77 54 15 90 2 82 99 81 85 0 54 68 13 15 2 29 36 31 4 49 14 76 89 20 43 23 63 61 15 47 27 99 24 25 56 59 67 96 66 5 95 1 85 35 98 2 51 75 60 23 1 50 56 88 74 72 70 18 10 13 8 66 4 32 17 45 88 58 35 39 0 62 38 9 49 94 40 11 69 85 82 71 21 99 95 46 86 52 75 30 50 83 54 34 95 78 59 53 90 95 88 1 2 88 37 71 29 17 90 54 29 51 92
30 52 56 31 2 30 31 57 84 16 4 64 25 3 82 53 84 40 38 88 87 65 74 59 5 50 35 62 60 94 56 33 41 54 70 47 53 99 99 47 51 4 23 68 81 28 16 19 17 30 15 93 35 40 89 70 14 31 68 35 14 88 8 96 16 44 18 23 72 51 61 44 68 54 58 17 50 21 19 71 18 52 92 15 25 49 6 14 41 70 67 7 23 92 7 39 97 14 17 11 9 29 41 26 62 72 30 81 24 88 7 35 50 25 62 96 50 99 35 63 16 66 48 13 98 24 27 44
19 59 71 21 89 5 22 4 11 3 65 84 56 11 59 47 44 42 64 64 17 70 24 65 44 74 11 69 42 6 96 2 35 79 12 75 34 57 68 48 63 47 93 24 97 88 69 83 1 33 31 37 61 51 86 56 5 30 60 7 3 19 79 86 5 89 60 31 69 40 86 55 44 77 64 43 1 39 33 44 32 54 77 76 86 98 56 30 45 73 88 26 42 95 62 43 83 98 11 49 93 29 40 13 74 25 13 18 60 24 61 69 60 37 88 28 32 86 59 67 13 27 37 25 83 28 41 30
43 50 10 51 6 21 57 15 47 96 73 13 67 54 54 66 47 44 73 63 92 60 70 31 55 98 51 52 67 47 17 28 31 16 89 56 4 36 18 24 54 79 21 96 43 57 24 72 45 11 82 45 68 57 62 23 75 2 79 29 95 97 88 71 25 87 39 59 47 18 6 50 65 70 76 5 93 43 72 6 62 0 74 36 7 52 12 14 47 85 0 32 75 66 23 36 55 83 89 50 5 30 47 46 42 22 24 36 93 97 28 88 71 14 68 93 0 16 63 47 4 13 98 6 15 88 94 67
76 9 14 19 8 69 49 0 19 96 15 61 31 10 23 3 58 98 64 23 52 17 69 50 55 20 86 1 96 6 54 47 15 39 74 78 7 49 29 88 80 53 2 22 70 5 9 71 99 51 15 85 47 52 16 33 68 73 40 97 40 81 65 34 35 20 78 79 65 33 30 42 73 67 80 6 23 65 59 6 88 46 33 19 83 57 8 12 36 99 30 14 0 52 10 70 96 0 46 49 63 72 82 79 54 81 72 26 81 0 89 58 67 66 68 65 25 4 51 94 54 53 20 24 21 81 82 60
35 10 27 4 38 70 71 65 62 21 5 64 92 13 90 75 21 72 51 64 35 17 94 72 2 80 45 25 9 38 51 67 81 54 35 22 16 30 22 61 73 31 77 12 46 81 21 21 32 10 99 6 20 36 73 74 0 90 85 82 26 7 5 86 98 47 65 4 95 81 32 89 23 3 47 40 7 73 59 14 34 10 4 0 57 12 91 56 64 88 12 36 32 27 49 80 13 18 2 32 11 83 27 47 61 8 31 38 18 26 92 85 46 80 98 85 66 41 39 43 89 60 44 68 36 4 8 10
0 56 92 54 84 22 76 7 77 83 3 37 33 75 41 6 39 44 53 34 24 57 57 19 6 4 39 30 51 90 43 18 69 30 92 44 78 15 70 83 97 83 11 4 15 49 7 7 33 94 86 18 50 23 95 94 76 25 52 55 20 27 42 31 13 78 82 24 45 51 30 6 6 83 94 3 81 12 98 85 65 12 55 69 9 53 93 33 84 5 87 48 21 74 62 63 95 27 98 56 83 18 36 47 24 3 14 73 93 62 49 99 74 72 57 81 86 95 71 13 14 59 66 93 46 91 13 41
28 69 57 37 53 41 96 28 36 55 93 19 32 89 55 24 66 7 1 32 40 9 42 65 63 95 66 51 91 1 9 38 69 76 79 83 22 13 7 62 18 42 10 25 78 34 97 69 9 50 16 24 24 55 38 23 2 38 83 40 87 23 92 81 76 46 7 89 80 29 85 70 8 73 12 15 7 37 68 86 13 30 82 12 52 89 16 87 75 62 7 72 1 83 12 88 79 22 21 86 70 31 15 82 99 86 48 42 83 93 87 10 41 68 36 25 79 21 61 71 15 1 22 34 3 82 70 80
21 31 12 26 37 44 58 28 88 17 85 48 1 14 94 1 37 61 77 23 36 16 37 40 46 50 84 40 60 16 20 51 41 41 16 80 21 52 2 93 17 21 28 39 54 10 32 68 10 17 27 25 11 67 26 76 50 74 71 56 21 13 77 19 36 50 90 57 49 69 90 31 20 29 10 40 14 11 64 23 14 41 31 42 70 60 49 48 16 7 38 14 13 36 27 85 80 64 53 85 65 21 72 38 77 46 51 72 86 81 36 82 53 49 36 63 86 5 7 23 11 70 50 56 15 8 32 46
97 7 73 14 8 88 79 10 13 80 9 40 6 88 27 7 68 65 38 21 3 55 63 30 89 45 81 68 25 8 56 19 76 64 46 26 5 73 99 95 41 5 27 42 92 66 24 89 74 45 82 67 69 13 24 23 20 78 44 15 18 64 72 21 87 81 4 16 55 52 69 22 3 87 56 33 16 26 63 96 81 77 86 27 97 61 94 3 61 10 81 15 55 41 2 20 87 24 46 56 45 12 91 7 49 26 56 50 69 11 90 54 54 76 12 56 49 28 44 56 15 56 31 41 51 71 87 96
97 66 84 75 52 90 14 31 95 3 38 44 37 85 24 39 8 74 9 37 32 4 4 85 25 82 53 99 11 73 62 94 14 59 52 62 14 0 9 73 93 8 33 80 27 93 8 91 8 30 22 33 42 66 44 79 77 32 65 62 48 43 59 83 60 98 73 55 12 3 22 52 15 87 46 7 19 48 4 7 87 64 33 43 62 12 85 78 86 39 43 65 25 73 6 80 85 35 63 86 12 56 7 93 59 29 36 29 28 5 65 38 44 28 48 34 86 36 4 31 38 35 86 14 1 50 27 78
38 15 2 64 0 14 85 55 35 40 92 94 22 80 49 93 79 25 68 37 24 1 61 97 26 55 95 76 13 41 26 45 49 3 72 30 63 21 97 71 75 43 23 60 2 46 2 19 58 78 81 40 70 61 23 24 55 78 97 84 29 85 18 82 70 10 0 58 27 24 27 33 31 68 26 13 10 33 71 7 71 26 20 38 96 72 90 29 99 10 19 9 54 53 27 40 25 89 29 44 55 1 95 68 68 54 3 84 75 43 58 26 89 40 17 14 62 82 51 47 51 49 31 89 29 22 22 87
91 62 66 83 42 80 56 62 60 49 52 45 25 65 96 9 43 8 49 53 55 59 97 67 32 22 56 63 42 61 26 26 9 35 58 13 20 38 0 52 60 92 22 47 47 78 73 74 37 84 70 3 74 83 1 4 15 73 12 30 93 26 13 52 50 89 49 83 27 9 55 47 93 90 33 63 16 1 33 50 46 10 4 62 41 77 97 25 3 19 25 70 44 76 16 38 60 64 61 23 7 20 66 20 99 77 33 49 29 89 59 84 29 13 16 55 94 38 24 1 89 57 61 92 25 72 22 21
29 81 90 14 51 39 37 44 27 67 83 52 49 21 0 29 65 74 42 7 4 20 35 47 37 68 55 41 38 45 24 4 9 65 30 6 53 53 63 91 59 22 92 86 60 55 57 90 49 49 50 32 96 47 58 86 75 67 76 98 16 30 33 74 32 65 16 98 72 62 76 57 52 60 40 73 65 32 28 47 88 58 28 61 2 86 90 6 66 43 80 6 85 52 84 64 2 78 80 44 7 21 23 0 47 43 88 99 52 1 33 61 37 56 58 62 9 70 38 37 82 37 42 70 52 4 29 55
83 50 47 19 53 3 96 76 57 39 12 51 78 70 8 58 10 47 8 44 74 4 3 13 86 16 48 84 35 92 29 26 69 18 19 79 89 74 43 43 46 71 10 36 54 37 22 85 22 90 24 49 68 45 0 77 67 68 33 93 55 10 47 96 71 60 30 20 63 51 41 5 29 20 39 29 5 18 40 9 85 45 79 77 53 35 40 86 84 15 24 80 95 3 19 10 23 75 31 14 82 87 1 31 95 32 41 33 48 91 57 37 60 92 96 57 97 78 68 92 49 62 62 9 18 50 99 26
71 40 75 44 84 62 73 2 54 81 17 66 63 80 87 98 41 97 54 99 44 86 97 72 61 91 2 23 98 20 52 14 60 58 87 74 2 65 66 62 82 26 13 82 38 41 77 98 93 21 27 88 86 8 96 21 39 92 50 82 85 0 15 41 27 57 90 53 74 84 51 89 93 86 59 83 87 45 29 92 30 72 24 30 55 34 34 63 65 6 20 32 90 8 65 46 39 35 70 12 1 44 4 53 87 64 25 71 72 76 86 42 0 54 29 27 33 26 90 71 26 95 42 91 78 37 32 40
12 39 36 39 99 14 66 68 33 49 46 38 12 2 37 6 29 98 54 42 55 20 45 75 95 4 2 83 8 82 42 57 15 5 45 39 46 85 30 88 31 51 18 12 23 33 19 94 36 61 96 26 65 61 65 98 67 53 26 58 20 19 90 35 26 72 47 12 60 77 67 95 41 78 4 6 80 68 64 21 12 71 10 14 34 12 3 11 13 61 72 71 12 82 94 77 33 21 62 5 15 22 8 62 75 86 72 29 90 60 73 10 26 14 53 23 29 81 62 36 22 49 1 96 65 75 74 13
20 65 64 74 31 46 29 77 95 25 20 62 89 7 42 2 29 23 8 62 84 16 77 30 8 75 76 8 77 23 88 83 71 59 75 15 18 78 14 70 97 11 87 52 35 13 56 78 52 51 21 71 67 17 68 86 4 87 49 11 34 47 15 77 64 72 74 47 90 83 34 65 5 41 94 76 88 10 67 37 63 41 26 20 57 21 86 41 94 79 59 75 12 17 31 56 19 76 69 69 54 35 0 31 91 97 76 63 35 3 49 43 92 81 81 16 67 57 6 40 55 14 68 98 47 9 41 37
74 88 50 31 69 26 66 5 7 37 28 67 13 43 10 79 32 57 38 18 61 63 59 87 18 66 28 11 91 69 94 61 80 85 37 61 74 90 42 96 35 98 39 32 23 58 33 52 37 87 1 11 28 43 43 46 18 92 32 84 46 85 1 54 27 48 27 61 9 66 44 89 77 87 8 91 28 62 74 38 54 1 20 77 73 82 63 15 33 98 94 19 43 12 23 87 12 3 40 2 55 26 54 60 88 23 36 63 1 93 3 67 22 56 89 86 55 43 62 67 15 56 67 59 3 23 22 45
10 39 14 13 35 20 3 42 74 55 50 70 28 66 91 90 2 84 41 21 55 50 40 27 48 83 66 36 73 63 42 76 69 81 10 45 32 58 70 18 33 36 0 75 37 45 19 78 49 40 8 53 56 88 93 41 72 13 9 71 31 28 2 24 8 77 94 15 31 73 53 50 34 93 9 16 40 51 59 44 26 58 29 40 34 92 28 34 21 84 51 29 69 36 49 12 13 71 31 2 86 25 89 32 65 95 80 3 8 3 12 84 33 81 67 27 38 57 97 14 88 16 1 3 41 41 13 99
10 63 93 71 17 14 24 89 90 43 29 7 54 5 17 56 54 25 27 47 19 30 85 67 11 94 55 94 96 4 28 60 60 45 30 31 49 57 6 8 3 90 27 45 19 81 45 15 57 23 27 84 68 96 64 34 48 46 27 94 68 34 38 25 19 34 95 36 53 87 50 94 84 17 46 91 19 4 20 91 1 74 98 97 51 71 90 4 44 94 94 50 96 30 43 92 13 21 50 14 38 87 43 74 41 67 11 63 12 74 12 98 85 46 58 23 67 65 25 7 86 83 54 49 17 86 16 48
11 42 34 12 75 9 96 2 75 49 43 5 60 13 17 6 97 15 56 50 22 59 36 10 24 64 64 63 10 81 4 28 82 52 70 96 59 32 53 30 24 0 60 41 4 46 43 22 11 2 76 27 4 21 55 64 40 67 41 13 50 82 17 21 17 65 98 36 69 85 87 60 90 32 75 1 54 12 84 31 63 13 6 45 89 8 52 97 67 46 73 9 21 67 69 80 16 54 39 15 53 62 21 23 66 54 61 92 56 8 80 72 54 37 93 14 55 51 88 61 51 46 49 4 8 94 75 80
18 99 34 26 75 9 19 39 6 70 49 1 49 74 24 13 89 91 19 8 37 55 13 35 52 4 55 18 60 15 20 88 18 37 73 47 19 23 45 86 42 63 96 95 32 95 19 10 75 44 96 24 56 33 16 87 15 68 72 54 75 83 5 85 80 92 44 52 36 27 39 7 94 61 28 7 70 76 89 45 79 6 63 41 0 33 35 26 23 30 69 8 99 94 40 3 71 62 83 38 98 73 16 30 79 4 18 14 67 34 47 6 37 36 83 31 25 16 9 96 52 18 56 92 74 83 17 9
2 65 90 51 20 56 1 95 77 86 53 99 16 97 83 37 58 14 68 89 32 52 58 29 14 1 18 88 14 44 17 17 78 65 14 26 68 17 40 98 13 50 90 46 62 75 91 24 72 12 21 30 99 38 96 67 40 71 51 76 94 22 15 57 1 25 61 87 29 90 25 46 0 24 71 29 31 6 0 10 50 27 13 87 85 31 6 12 53 41 80 19 61 83 70 76 17 56 90 86 21 48 32 94 76 91 15 29 20 34 68 53 78 33 71 52 20 81 25 20 56 53 18 52 1 10 18 19
39 10 60 87 81 10 9 66 56 34 92 23 44 26 69 77 37 92 36 34 28 62 48 64 9 30 92 11 57 3 46 24 53 59 73 13 98 86 25 2 28 41 60 22 67 34 82 46 39 86 7 58 65 4 59 74 56 50 10 34 47 78 52 9 34 10 8 61 67 8 65 6 85 97 6 78 70 79 54 51 75 24 94 97 52 47 8 7 39 57 85 94 55 38 42 28 45 98 23 53 35 81 23 48 48 29 94 57 28 10 53 0 5 35 7 81 2 21 87 1 16 4 16 23 2 61 27 5
59 39 85 55 9 2 37 83 30 19 9 68 90 21 31 71 27 10 4 71 98 32 18 44 48 53 63 28 23 80 23 12 84 94 40 66 7 14 38 36 56 85 76 19 25 76 10 8 21 22 27 59 84 98 15 80 6 27 60 31 77 68 38 52 67 81 3 59 41 9 26 51 11 35 63 73 83 39 19 29 14 0 53 45 76 98 37 8 46 57 25 37 20 46 98 52 80 20 78 22 31 3 93 35 28 91 94 77 12 27 96 46 77 32 7 12 42 37 69 34 68 38 60 36 13 29 98 67
42 53 87 23 84 2 74 59 77 93 20 40 58 22 7 22 72 46 57 32 46 24 38 52 57 60 31 67 33 70 0 73 77 80 69 61 39 57 8 77 60 58 21 3 25 99 98 65 68 84 69 22 53 17 43 86 79 95 21 41 67 21 24 42 45 57 43 25 94 84 81 9 81 93 51 78 81 9 94 80 23 18 5 10 54 0 58 61 5 50 96 30 32 60 41 18 92 36 83 16 44 12 33 62 84 28 49 93 77 45 19 13 35 29 14 18 97 64 26 25 14 79 42 37 28 66 49 37
19 93 65 39 68 17 74 82 89 85 2 76 61 88 54 99 69 41 36 81 63 58 5 2 56 11 34 93 44 23 9 70 54 64 57 31 60 15 18 26 2 10 39 73 19 93 35 10 44 93 92 76 91 51 68 91 34 69 83 60 12 60 29 13 99 56 22 16 81 16 41 64 32 88 61 56 49 25 98 97 97 96 16 99 48 77 66 40 22 73 83 30 52 96 94 33 82 45 74 63 9 29 10 77 11 23 9 8 84 59 57 81 67 17 14 81 0 20 85 56 6 28 0 13 65 35 27 49
98 7 25 84 78 40 71 58 59 25 5 8 47 82 51 97 93 45 86 70 64 73 75 44 97 40 44 35 82 37 79 48 95 17 22 15 59 47 91 41 6 3 17 33 19 5 7 40 44 94 96 63 25 42 91 95 93 27 45 6 9 26 42 53 19 68 50 86 88 50 65 33 33 46 49 86 86 13 9 49 31 45 87 16 94 15 81 28 97 33 57 80 46 35 84 12 42 28 99 63 68 69 78 87 64 20 57 40 3 60 55 13 5 60 30 89 34 13 15 57 16 91 48 43 26 3 51 75
9 46 52 19 53 22 41 97 24 77 99 34 27 11 85 19 78 69 32 33 71 86 99 74 54 54 11 49 80 38 99 84 0 73 11 10 66 13 4 58 40 68 17 36 95 81 10 45 83 31 72 46 39 62 71 36 93 30 79 86 32 77 66 95 45 0 78 95 0 90 61 23 75 47 9 34 96 22 31 44 7 26 98 23 34 44 0 42 38 12 40 19 62 4 29 59 97 64 94 13 92 45 98 40 82 25 55 49 81 37 79 67 2 45 85 66 31 35 6 76 7 95 2 3 16 38 48 21
19 52 73 77 38 56 78 54 78 85 88 55 19 18 94 83 99 33 19 72 53 34 1 50 78 19 25 24 59 44 87 52 79 84 21 25 34 83 2 39 42 81 69 39 20 82 7 77 67 98 97 17 46 30 97 94 76 72 92 23 27 5 38 3 92 3 14 74 97 45 26 34 71 75 56 65 41 46 52 93 88 45 75 32 83 17 93 67 12 88 36 95 92 71 27 75 67 70 66 11 81 76 18 22 68 36 91 47 30 39 13 76 32 69 24 90 53 45 29 66 13 39 29 34 98 16 62 18
98 29 8 45 55 45 58 95 71 7 24 4 41 87 58 25 31 60 85 2 30 72 98 41 40 77 35 42 80 20 69 69 91 16 12 48 9 77 7 64 77 89 11 96 71 43 90 43 55 63 13 23 27 44 23 5 33 10 40 46 22 26 44 3 59 0 53 27 93 18 79 46 91 63 33 27 18 63 56 43 79 48 64 53 75 63 49 20 21 54 95 63 72 88 66 59 5 31 10 8 48 22 22 62 67 73 81 11 80 72 96 74 68 92 2 49 9 94 67 71 31 23 32 98 42 82 2 98
12 1 22 20 99 22 37 67 17 62 14 39 42 7 89 2 28 35 21 25 6 99 70 85 30 48 9 57 69 2 72 11 75 10 64 47 52 21 35 56 18 92 38 66 42 11 37 93 41 91 99 70 5 94 36 61 36 31 71 51 68 83 27 63 0 85 36 78 77 6 53 59 13 5 29 65 54 38 16 25 18 53 12 89 68 9 37 72 73 1 44 92 60 94 26 70 46 28 60 16 21 56 50 8 7 98 84 54 61 6 12 57 65 39 57 69 58 66 2 76 12 62 35 94 33 68 24 38
43 11 2 19 44 58 63 12 33 67 15 65 95 23 2 11 66 54 29 17 44 93 57 56 40 81 63 57 99 50 17 82 1 75 64 51 21 44 75 17 67 94 78 86 14 57 37 91 82 6 4 33 45 38 19 77 6 70 68 35 68 31 71 86 42 5 60 29 11 91 87 94 88 96 88 31 84 76 68 70 20 50 27 61 68 97 59 68 31 81 57 4 53 90 82 14 40 89 51 31 94 29 93 41 13 71 95 14 14 19 25 58 4 72 98 72 59 89 41 15 34 83 93 23 86 91 2 77
74 22 49 18 3 98 28 25 31 41 87 91 94 55 2 3 34 50 54 18 50 37 42 63 32 35 29 90 67 92 84 83 89 74 74 51 41 15 8 74 30 86 60 89 86 89 54 96 86 83 23 51 84 99 35 97 95 3 66 90 44 62 85 51 17 34 77 67 69 21 61 58 38 65 29 83 89 28 4 16 83 0 7 43 95 22 62 22 63 84 83 51 56 29 43 26 7 87 84 81 93 57 38 33 29 42 88 66 49 61 67 85 58 32 90 56 59 17 30 87 60 29 2 40 54 41 46 73
93 76 34 2 72 72 66 72 94 38 96 61 68 0 36 93 29 39 76 94 90 58 91 42 98 70 19 21 18 34 20 86 90 81 21 47 43 73 29 58 89 28 50 48 85 85 55 62 38 18 53 32 7 94 68 84 50 95 9 82 48 50 85 50 20 15 98 99 73 37 34 95 56 25 38 98 95 24 25 57 73 6 32 46 66 93 34 43 84 77 14 82 99 67 95 40 73 97 78 88 96 64 51 15 35 9 4 19 31 46 68 66 7 12 0 22 2 21 9 39 29 30 19 56 42 16 80 31
2 1 16 81 94 20 40 67 80 88 83 85 66 54 51 55 5 69 85 75 17 58 0 64 15 66 15 55 3 63 93 33 56 18 55 94 79 29 89 13 77 26 35 13 56 31 81 10 90 37 87 34 48 74 23 38 27 71 10 62 64 95 25 37 17 70 86 54 99 14 25 43 89 94 30 10 66 94 1 26 94 92 66 33 47 28 29 61 0 91 5 7 15 68 53 73 8 30 97 60 80 43 30 96 16 38 90 50 95 90 1 50 92 13 39 67 81 18 36 58 40 27 10 14 61 3 87 99
17 16 30 77 37 24 41 86 9 42 44 20 57 7 90 79 8 29 70 40 94 16 4 73 82 92 24 38 54 86 45 43 17 47 56 45 53 59 72 76 35 84 12 97 77 63 77 63 83 46 35 59 86 84 45 74 84 52 39 95 6 50 6 16 71 93 37 20 26 94 16 8 82 23 81 15 84 87 50 82 92 87 87 96 22 86 88 17 2 16 56 72 32 16 18 16 1 97 19 4 49 26 3 55 70 70 93 5 45 74 53 33 56 81 26 9 88 30 42 77 45 6 49 25 25 93 23 40
37 95 35 44 94 23 46 57 80 63 15 24 83 10 0 41 65 48 15 98 19 38 18 63 82 25 93 14 32 0 56 78 20 10 78 82 86 73 44 71 51 41 86 16 48 64 6 21 96 28 76 17 90 59 87 70 66 67 5 50 45 56 13 34 78 11 8 3 4 49 68 28 4 19 71 94 22 8 15 77 73 2 0 69 37 57 19 74 48 9 67 81 54 75 34 83 68 18 30 37 0 44 78 0 13 56 16 30 12 8 43 50 66 59 21 46 9 55 25 16 8 5 14 67 56 89 46 53
54 71 99 23 73 33 22 73 49 37 39 93 35 16 59 38 6 10 64 0 67 58 8 80 66 62 6 94 41 69 67 26 27 8 73 39 97 11 89 1 72 65 16 91 68 28 35 66 89 85 28 45 46 9 83 25 56 54 15 85 64 19 62 90 41 0 4 97 96 79 11 37 54 16 63 55 73 40 44 19 5 93 6 1 76 31 43 32 35 41 70 90 29 47 13 10 32 47 45 62 25 23 8 29 95 54 79 73 63 85 91 17 28 74 35 19 14 17 9 46 14 9 41 68 27 53 55 16
19 58 81 98 24 41 25 89 98 60 51 3 27 2 31 92 81 83 47 16 64 13 77 58 30 78 93 50 92 67 58 7 0 81 76 69 52 90 1 31 96 24 25 5 26 29 2 99 22 18 87 32 92 17 96 81 93 40 55 63 85 33 73 93 86 98 38 53 39 32 21 26 42 83 19 25 2 56 56 17 39 44 31 68 1 49 8 99 17 44 91 6 9 69 24 49 72 47 77 38 96 86 15 9 69 46 7 12 44 57 98 81 65 46 86 87 71 59 11 71 35 94 86 95 5 12 66 69
78 44 26 11 63 76 49 63 69 76 2 59 80 78 48 19 35 43 39 5 99 37 98 20 35 81 44 19 37 36 74 76 8 66 41 60 80 21 6 24 51 98 20 72 54 48 75 74 40 39 38 60 51 83 75 96 80 40 84 76 16 14 49 46 70 34 54 99 37 58 97 28 54 12 71 26 84 5 71 95 15 53 35 55 65 97 36 18 24 0 33 90 4 18 98 18 95 59 68 39 84 6 50 69 37 0 50 1 20 40 36 29 63 48 64 91 2 32 60 17 74 54 74 80 43 82 63 0
61 77 34 91 33 88 80 99 59 43 27 89 70 83 96 60 35 87 11 65 35 5 14 17 10 80 2 13 93 26 34 18 21 5 30 1 84 22 99 23 11 98 75 21 78 21 46 51 46 17 8 81 54 51 53 25 69 2 69 94 23 92 26 49 44 59 90 4 12 39 14 51 63 11 61 32 76 4 60 87 15 49 10 89 50 72 55 15 42 18 31 44 16 28 15 28 22 1 92 29 45 42 76 50 77 69 45 27 83 92 53 12 46 27 80 0 73 8 8 39 43 9 66 4 96 85 76 7
14 81 98 76 5 51 10 69 15 14 82 7 5 31 25 84 3 63 72 88 6 32 48 89 13 13 32 80 60 54 36 81 1 43 74 0 79 23 28 65 8 75 82 72 3 20 85 25 30 37 76 9 20 25 64 31 10 86 60 68 44 84 66 27 87 66 73 48 74 13 96 34 8 33 59 82 46 92 48 33 14 80 62 20 84 91 18 43 62 29 40 59 49 33 67 2 76 23 6 68 89 50 98 51 35 47 85 93 81 56 86 30 13 89 95 91 4 91 46 13 71 69 88 43 51 19 50 68
31 43 91 6 64 6 71 14 58 79 34 95 53 37 41 88 55 80 68 66 92 44 6 64 52 51 32 50 93 65 83 9 94 65 49 43 76 3 2 62 38 88 40 12 20 63 88 43 3 64 27 77 99 92 42 51 97 57 36 65 7 36 87 1 71 8 36 10 30 35 0 21 68 8 1 98 67 22 62 42 25 7 43 2 12 66 89 46 94 24 46 37 90 8 71 44 37 49 70 68 89 43 3 84 9 22 65 10 35 27 43 70 22 33 78 39 0 28 76 97 53 77 14 32 76 78 96 15
94 11 53 62 19 9 19 89 77 34 51 35 89 18 17 56 14 79 67 90 35 27 94 84 43 2 87 16 25 17 69 11 68 22 11 86 40 25 71 28 16 47 5 38 34 67 52 59 36 85 63 58 7 79 99 49 86 61 68 18 12 71 7 1 91 37 13 10 52 90 43 40 4 11 83 74 50 4 40 42 11 16 22 91 8 51 6 60 72 53 67 7 4 60 51 41 83 19 29 82 10 47 93 49 46 53 95 5 38 45 61 1 33 63 59 6 86 70 31 10 25 26 60 20 80 69 50 23
7 89 45 78 37 71 96 60 30 65 60 8 77 41 7 31 2 62 67 39 62 46 31 93 23 16 23 70 36 23 34 59 30 26 5 15 98 45 61 51 62 63 23 46 55 5 70 14 17 64 42 44 97 95 88 63 23 46 67 51 50 97 44 17 2 23 99 66 84 31 63 44 83 58 17 22 76 20 0 93 54 24 77 44 76 39 52 68 76 1 15 90 36 26 98 20 5 56 9 58 38 19 41 95 78 58 93 79 24 28 46 6 22 71 92 97 57 10 62 65 10 2 97 84 24 71 37 4
63 90 64 13 72 62 43 75 8 28 8 67 33 64 61 50 68 14 98 94 78 60 54 62 16 15 64 16 27 26 94 73 94 29 48 80 18 43 67 27 97 26 41 10 88 55 3 53 28 4 94 34 42 21 98 99 28 62 37 9 20 97 91 12 70 91 32 11 32 41 19 43 66 72 91 58 65 25 95 92 96 93 21 4 33 47 69 31 41 20 6 65 39 89 73 50 12 59 32 55 76 82 79 92 22 37 33 51 0 30 10 68 16 53 38 17 72 95 18 94 65 64 82 99 78 98 76 39
62 74 8 13 97 49 92 78 45 25 32 44 99 68 75 48 5 70 11 61 17 65 98 34 2 93 7 93 3 45 54 97 64 61 76 25 45 53 40 32 97 90 14 62 79 18 21 51 97 50 95 16 18 3 84 8 72 61 60 0 50 85 84 22 26 29 44 10 53 9 56 85 3 8 17 98 25 40 95 74 6 31 73 86 87 70 27 50 92 15 8 31 18 96 87 76 78 84 85 13 14 8 68 83 4 76 17 80 79 34 25 66 59 94 45 41 44 18 87 30 50 59 42 38 33 91 12 98
46 18 9 56 13 17 64 17 0 45 30 46 43 44 63 38 47 84 84 9 63 6 27 56 35 97 9 68 84 76 16 42 45 89 70 54 48 40 10 10 88 33 75 63 34 19 72 24 52 52 30 88 30 35 73 22 43 43 31 30 80 74 65 52 11 96 48 69 17 99 79 15 72 4 22 79 36 63 48 87 65 74 62 19 87 71 0 4 78 20 17 72 64 89 29 10 29 86 79 7 37 58 2 30 36 93 1 23 3 9 59 77 18 66 1 84 92 25 36 68 24 5 82 66 16 83 57 95
4 87 87 80 11 65 10 94 57 56 25 89 15 5 48 54 46 18 69 78 1 83 94 12 39 53 50 70 63 51 68 66 49 64 70 60 96 26 70 29 65 90 83 86 95 9 18 1 31 35 98 10 15 53 56 85 92 48 93 59 62 77 71 23 97 94 41 75 51 77 21 9 20 41 36 16 41 21 90 29 6 81 82 56 9 81 52 79 89 8 41 20 81 44 64 43 8 33 66 58 10 30 49 38 92 92 86 48 42 41 38 58 39 13 64 32 27 16 91 99 32 57 69 21 59 7 24 32
89 26 28 17 35 2 15 41 30 36 74 16 33 67 88 25 31 31 88 48 84 2 77 95 88 41 50 86 22 37 28 19 23 70 6 4 74 34 26 79 29 29 52 84 81 89 56 71 5 22 26 86 52 66 12 3 37 27 39 29 46 64 43 34 12 86 97 6 44 75 12 67 41 26 81 1 66 63 8 22 23 0 97 43 50 27 34 45 32 47 38 9 70 92 53 85 29 52 58 97 89 60 71 47 62 88 64 13 75 39 89 3 87 75 91 22 14 14 77 11 29 89 36 86 28 30 45 62
80 83 15 50 89 45 72 75 77 87 86 61 8 24 47 68 89 11 0 86 26 63 77 82 84 1 6 16 8 57 41 85 24 72 50 3 49 48 79 7 33 75 99 18 38 71 63 97 4 74 28 30 46 4 6 77 51 69 52 65 85 5 91 10 87 80 17 48 52 49 88 78 21 40 15 33 4 21 8 5 23 0 96 35 73 18 62 59 89 41 15 89 53 82 24 55 32 60 94 34 19 92 6 98 63 23 98 90 42 27 40 16 14 40 41 85 64 80 77 1 74 20 69 84 66 69 48 37
56 43 50 42 96 72 21 30 52 13 89 90 68 96 58 22 88 70 13 15 84 72 95 2 67 34 59 46 59 7 74 17 41 79 61 40 55 48 35 43 88 66 58 75 84 48 16 40 1 20 73 82 33 29 97 82 2 42 64 37 66 73 93 95 71 66 0 2 40 43 32 73 2 26 36 35 71 4 14 19 6 75 81 49 69 82 91 40 66 13 93 93 5 68 71 71 74 91 24 72 46 40 87 82 97 98 32 64 52 21 83 91 31 48 16 56 83 32 1 57 52 2 53 10 42 37 92 55
99 13 19 18 94 92 80 91 63 41 90 98 55 43 60 90 71 69 71 52 83 57 41 27 4 22 96 6 0 68 57 64 39 30 12 48 58 7 10 60 19 43 93 11 17 33 13 70 5 87 0 61 42 37 16 51 81 68 12 76 74 32 35 21 21 72 98 40 42 8 85 5 23 10 63 97 73 85 6 57 8 81 66 86 31 73 30 18 77 25 83 48 15 17 28 70 92 20 69 54 46 12 26 52 27 42 83 67 77 56 32 61 53 91 23 27 94 68 2 66 54 56 13 18 47 13 89 80
3 13 20 83 45 27 63 22 69 6 75 43 0 40 39 82 63 42 39 35 92 92 56 93 14 66 92 70 79 96 52 88 36 60 4 23 57 33 0 30 87 84 31 66 13 32 41 47 58 98 24 61 67 55 64 64 10 47 17 52 74 0 83 63 29 45 41 74 46 97 18 15 34 16 37 42 6 77 30 81 21 60 90 42 22 69 69 82 17 50 31 68 15 16 77 48 53 79 93 71 84 69 91 72 38 12 88 94 44 38 33 64 56 74 97 63 41 76 68 85 17 37 1 12 58 68 41 48
45 56 38 27 4 41 36 90 75 5 41 50 22 76 14 97 62 2 92 83 6 26 34 42 70 94 50 2 34 76 36 49 82 21 36 15 78 54 15 32 88 40 50 42 48 42 86 2 70 22 35 49 68 64 13 55 66 90 99 95 13 77 85 25 79 63 84 1 40 73 82 57 92 28 46 23 33 43 5 12 45 5 43 30 56 99 55 54 16 78 38 62 48 86 98 11 70 29 63 52 52 82 12 20 4 44 30 44 55 54 16 12 59 16 9 32 17 77 55 43 99 6 17 31 27 52 25 21
43 47 6 42 1 69 73 8 62 95 65 16 91 76 74 68 83 97 2 44 31 48 26 60 18 51 54 62 22 86 14 30 52 45 32 81 24 89 26 38 71 3 71 32 2 0 26 65 92 55 63 79 33 18 47 94 31 10 58 73 95 36 52 98 84 47 47 94 76 53 89 55 82 46 69 70 28 81 70 20 6 83 30 73 17 17 78 48 33 24 27 59 18 66 46 48 39 50 87 32 21 64 88 24 93 61 3 49 18 32 45 93 2 21 36 81 33 66 42 99 15 82 90 3 22 66 26 69
91 48 4 1 16 15 60 88 62 89 19 81 76 21 7 98 78 26 32 66 71 20 10 73 7 78 71 36 31 90 9 64 5 14 11 67 69 66 0 38 13 40 79 9 25 5 4 25 66 24 40 66 97 58 56 66 86 36 98 81 22 8 41 38 94 80 99 8 3 6 86 46 81 42 99 4 93 78 85 37 28 69 4 42 80 70 69 63 37 21 4 74 5 47 27 97 27 12 15 32 80 94 2 75 31 72 71 63 36 85 9 50 18 97 26 15 16 73 55 57 54 69 85 85 19 24 79 46
29 93 39 32 78 53 84 61 7 2 28 47 59 95 87 19 27 98 31 91 11 78 60 40 76 72 56 90 61 19 53 48 10 13 41 73 8 29 42 16 90 24 97 64 18 62 48 34 3 31 18 80 22 73 93 17 4 93 83 57 81 7 30 33 17 41 96 12 19 7 50 15 37 94 43 19 50 98 29 99 76 63 58 56 83 94 9 3 20 6 93 37 96 85 39 58 61 44 96 67 23 60 92 71 30 14 91 42 30 88 42 67 82 50 55 23 68 33 91 92 32 26 43 58 98 3 86 3
43 81 1 80 79 12 15 68 67 73 89 85 51 8 43 12 37 66 20 31 10 24 1 41 15 70 88 51 72 6 64 36 62 19 21 40 64 19 58 10 5 38 74 45 41 94 15 84 3 41 67 60 74 6 0 7 51 45 45 95 7 99 82 1 37 12 96 98 59 26 55 15 42 36 42 38 21 32 5 74 8 93 9 77 66 24 6 49 65 31 24 36 85 36 4 75 33 2 67 72 86 50 83 39 97 52 38 19 62 92 8 0 7 54 38 26 6 94 44 86 84 93 10 14 16 33 4 92
