137538 151796 149697 139295 153418 148221 166774 160089 131642 153571 145141 135353 139479 138112 151878 150900 150313 169965 151500 126836 151246 158180 165825 153858 124609 155331 153434 149494 140895 125391 153455 131460 148869 140353 135858 124054 141581 160782 154345 154066 153115 149964 142444 165970 159122 153214 157760 161421 138952 173599 157723 133313 147316 147296 135297 163823 139691 156609 133443 142455 152074 175831 153788 136564
146262 164503 156288 149402 146119 133128 167528 143036 141256 149578 149673 126369 146212 141057 147225 146441 151069 168689 152706 136799 129898 157417 167299 146566 118234 152091 139211 135156 132586 124728 139517 133544 155354 126835 140396 135136 131588 153400 145093 136790 145255 157467 145451 157661 139994 159191 163500 143312 150358 170642 143597 134368 138228 144241 147293 154924 133153 157699 141935 154296 148946 166756 149241 129182
153204 171610 156828 149378 155520 150552 182273 169663 145608 165505 164322 135816 156375 137285 161681 162364 159500 177376 146256 136604 163216 158703 183376 180313 141148 155258 146756 160033 137763 154045 167208 134475 185775 146862 161487 144681 148956 180358 145933 164058 158811 157424 160816 162442 147221 147470 162668 161338 152352 192187 177533 159500 166563 155056 157724 172843 157423 168982 169569 168489 160921 192047 158638 165474
149781 148551 147721 144087 136856 132703 164003 137882 127264 137610 148054 122861 126840 133330 140569 146435 139422 163120 131322 130990 141998 136501 170254 155738 116271 143858 136852 134447 119237 119372 142765 126098 156984 129668 135553 137776 125669 146126 131514 147168 131784 136848 153300 163200 131671 149630 146533 151352 148005 165450 147707 118217 141593 147478 136246 163283 134371 140424 137337 142502 140908 164764 134295 138181
136604 160001 149619 145417 156356 130820 160617 154462 134803 142605 141482 124224 127127 128052 156903 143726 135371 165137 149429 126257 138450 146994 160497 147452 114378 148191 133338 147268 118353 131256 149079 140530 162096 121555 125033 126793 121036 149892 145362 135437 146141 145832 146500 152837 131122 137375 160273 150266 137203 176891 136873 116222 134287 147278 151894 164143 143882 144116 134631 146326 140386 172387 134771 136157
140940 148653 138333 143716 152035 138715 157583 141987 133107 159254 156462 121065 138478 131563 150024 143171 144435 166404 151682 134921 138946 140842 170271 160515 136628 143000 131708 148298 138708 125781 156617 124692 160960 138255 138398 128486 132103 160985 138390 146164 149298 140444 138244 158474 142641 146383 163448 159022 141076 171769 149167 146236 139185 141041 152112 155737 145485 161286 150845 154223 161276 166758 157017 152362
164044 169352 165516 150988 166846 157619 195189 154154 144797 160324 172510 147483 151284 152508 162546 158778 164535 183805 150891 154757 149276 162804 184524 162953 136979 165229 151827 152269 131446 142042 172113 149955 190497 155588 154007 149741 153287 175086 148068 160319 162380 163418 156438 175822 161889 166391 175646 167214 156446 183785 172252 145393 158716 159234 165236 175027 151212 168046 150563 158776 159557 185918 153207 154103
158818 145202 148646 146168 151266 147354 174399 139674 147487 156692 164750 122765 141763 134623 152985 170031 152095 176127 159002 134479 140796 137741 177495 159648 126946 171250 142178 136998 131294 139540 152698 138613 174091 147723 153552 145416 134813 160808 148473 151748 149109 155877 158546 164143 139371 157475 147069 165445 169939 188359 161608 148542 138978 162517 150398 159922 146783 155669 147525 149000 158705 149202 143464 142538
177873 181606 197595 183301 185111 164165 199115 171198 163294 174451 174535 156202 169002 172440 188226 175445 172616 195837 188264 167082 177498 183912 208178 187466 144010 187965 176928 164001 166190 139135 177410 160985 183780 159728 175299 156532 169173 181681 184221 176948 164309 179172 166315 187853 179693 179086 188471 186869 189248 209611 186776 166765 162313 178649 172873 198339 170535 177284 174024 185251 181593 199559 180697 170546
175565 192512 179113 152173 176159 158478 194805 169750 151160 182082 178192 156855 147884 169408 173171 167196 166332 197915 166547 156887 166837 171690 210150 178008 148961 187088 173214 166736 151062 140335 178243 156646 174511 166116 166666 152470 166005 175035 171567 170749 185621 167193 156402 193387 170265 171372 172190 183768 172258 211158 181627 160225 163654 168620 151960 184316 168979 170058 172916 182574 167643 189025 162261 171716
130832 149837 143847 128550 149987 130447 161121 140450 131615 143943 147495 122308 130394 131709 146209 143771 140788 160419 138874 128562 131992 140719 159998 154624 116741 145765 138311 135071 128450 115527 151610 134309 143055 142036 130858 131233 128692 148200 142632 151155 139795 140576 139311 158661 147715 135979 153723 143034 142316 171816 158325 132492 133441 147305 132265 146537 139188 141814 138207 136202 137880 157298 129766 135410
135670 139911 147448 121482 143851 113977 143234 141863 109053 131317 129159 120221 126245 124200 132013 140436 123769 155933 134928 118603 130845 137880 148141 130973 111759 147001 123473 125989 120468 110037 133308 132452 143357 120048 122865 124839 132918 137300 128597 133473 131201 134144 115790 139066 130042 133439 140936 134439 134192 153565 144514 118690 134581 133980 126488 150190 136703 140902 125574 127928 136958 149276 141499 125603
146245 170105 164481 154029 156901 147641 191061 174521 149259 160796 157625 153083 147605 149452 172200 154309 151148 166101 162373 144111 163927 164774 168958 163506 124111 157399 162115 145470 145994 143331 161699 134692 158798 144980 147640 143587 144700 172297 155946 154238 149040 159377 145842 167661 162822 161954 172142 160498 165942 182427 174602 137724 156376 161390 154356 173730 149806 164929 155672 157825 164376 181993 155239 148420
156422 157075 168330 154302 161712 147643 175951 173793 142981 159580 160753 135966 143377 136308 161282 173524 152575 167922 164020 145232 150732 148983 180834 172402 131551 164790 151881 153459 144118 146393 168912 151129 173502 148361 154333 143762 141247 171030 162014 148880 159107 165582 150950 170704 158636 159554 178508 155803 149094 184329 156615 147830 157203 163116 157315 173019 142519 162545 154599 152920 175709 181436 170145 158668
162102 171847 169289 149512 170167 151231 183331 162793 148302 165768 162491 143755 149867 157571 167031 155557 148646 182335 167776 141755 165881 164070 193015 175545 133601 175750 155147 158836 138712 143038 160455 155951 173658 156476 152838 146015 147017 166983 164702 155586 169921 159777 146808 180313 150920 165902 175268 174617 161943 199536 145688 147744 139097 167789 153821 177497 153265 171628 157611 167775 169605 181328 153562 167546
133158 144561 148262 148035 148567 122741 165068 139012 130566 132028 155534 128509 143074 136740 146373 156784 129667 159256 154118 129256 142850 150452 170879 157613 117509 155775 137803 128425 136558 116127 149366 132917 156643 128627 133641 126470 126371 146890 141719 159633 129034 144454 141404 148273 151961 150802 152031 156192 145829 165167 158582 126355 134825 138892 142575 153954 136244 146240 139967 142678 144208 158955 146117 141083
165481 177300 166500 167450 187141 165457 187303 164626 149666 178681 178046 137468 155688 165240 184861 165445 180578 180695 168299 153017 153518 141888 196702 185292 137775 186009 155278 172635 157894 143411 165742 152782 184486 151812 160404 156654 150368 175898 153437 173371 163389 173818 168464 184815 156185 167523 170069 187761 173802 197494 175707 155429 145126 163536 157787 185192 160166 168879 165784 174917 176771 193298 159004 162612
161186 171365 161301 151799 159988 144922 182302 157645 150055 167562 156990 128028 160825 137438 170431 154858 157569 174238 162792 141381 152794 149509 181159 160503 135280 176550 141274 153083 139496 136610 155414 136819 167441 148640 160812 141687 145011 163902 150017 149780 159730 157153 158560 175789 146151 161201 166243 158803 158133 186015 157151 147819 163225 161008 143722 167390 144043 171769 142665 159796 166851 165913 153912 132549
134875 133830 149465 131368 128782 119462 147977 135529 120497 133554 145312 109960 113749 120110 135730 134953 129652 159248 125033 117919 128415 133771 158733 134590 119897 129179 127209 121975 116771 113800 149434 109779 149443 126956 130411 131546 117608 148842 127541 132491 116874 134240 134777 138680 119291 130462 124555 143334 143459 162068 160779 122431 130460 136689 133964 140725 139476 125940 127871 129469 131049 139079 142153 125430
150573 174028 166647 151153 147274 139018 182757 169197 150786 166978 160847 142729 141961 154035 161672 163910 159843 174920 158255 150283 156105 150440 184223 161065 130598 167424 143130 142109 133301 145618 165530 146415 171102 140789 146297 144080 140594 159150 149603 171623 147014 160884 155450 159574 155273 147320 165891 161566 154233 186869 172732 142622 153603 154507 167145 167503 154483 158594 162962 167340 157276 178248 151213 155340
158970 167480 169835 157882 169858 152182 193536 167170 152216 167975 179043 129952 156696 124061 169550 176119 154291 172601 161816 147115 150925 155647 182117 169286 144946 163779 143062 161617 147544 161033 178013 147599 185543 162129 163727 158496 154555 167085 151442 161553 158835 178715 155905 178962 160370 172252 173002 176650 158656 204504 170118 155996 167306 172740 158298 170875 154932 163247 152060 176617 170823 173291 156067 149744
166213 177900 181367 172948 181928 148603 197275 169299 150508 182296 167749 144394 170239 161416 163013 176969 154849 192872 166561 168862 161410 185014 200255 173059 139364 180108 166748 168936 148146 147752 174113 157367 187622 148117 161524 154431 156317 178553 174451 176530 162449 167364 150315 166463 167814 170786 173519 174295 167664 203775 182175 162337 158040 156018 170702 190527 158026 174883 172142 179840 167516 192866 167322 167059
163511 188355 170212 172505 169662 166500 187951 166191 177288 179299 177271 157014 160077 166641 187001 177367 159031 183914 176455 156358 157814 160851 201885 190921 144301 182340 170267 161923 154852 151118 176970 159906 181364 163323 158630 161844 156973 197022 175370 173809 169104 165270 167463 183660 169064 157245 188070 176373 180799 206125 175978 155395 152294 171859 171540 175043 154911 168545 170067 191826 175661 206954 158711 171596
149468 154819 154973 158530 154180 148816 167820 148062 138201 162954 165354 125777 147347 132403 162028 163446 169621 182761 150132 145956 147791 151190 182043 164231 138705 161050 147198 159368 145193 136823 166369 130607 167076 142078 148648 142378 140987 168803 146985 161981 157078 147125 154607 176001 149189 154363 165179 158015 146162 184640 174564 142727 152019 148822 154834 159392 142359 164194 151565 170857 155178 173574 160851 139977
159820 164431 174294 156484 155978 155686 187289 158531 151832 159242 173131 141412 154475 139515 156234 163032 167917 179243 158623 141088 152407 151995 173085 171176 138214 163640 145761 155741 141758 147737 164852 146192 175246 151838 164677 140897 154844 163133 152082 156785 148622 170388 150904 178815 151469 164603 171544 166738 172767 195535 168758 147164 149710 159467 157607 161802 154672 160125 159536 172598 165352 176384 155438 151613
153125 157581 150220 129670 150745 129509 167299 160361 141993 157315 132089 128575 145377 149932 157782 145292 149336 163367 148609 126874 132241 129100 172324 147915 126603 168423 127766 137066 123722 130869 150594 135846 166691 134908 155374 136779 131864 152356 135443 141572 144901 162750 153408 158166 136210 130137 154133 147224 148670 176862 150684 139236 138807 150687 143632 162002 142872 147987 142201 145756 145548 167542 142233 126787
149812 167948 164746 154723 169852 143116 181507 152604 136706 149568 158743 144088 152922 148601 165762 152173 146072 175971 167430 141050 151436 154552 185544 169959 138607 168133 159751 142254 157085 119450 161316 147591 162976 146156 148230 143174 146774 149724 164678 169145 145897 161208 148840 173752 159443 164637 153814 167560 163724 179654 163696 141643 150209 162553 140241 172328 151531 161103 150254 157593 164645 172853 140927 146530
153358 163598 158403 153618 169913 136814 174217 145436 137855 157206 162893 133512 135323 141161 159648 155198 145256 175112 156231 133731 131628 153657 168493 155614 127125 167716 142814 152678 136653 132840 160082 151697 159430 140757 145259 143554 136439 158676 150890 145236 158546 169593 142002 161986 145341 156694 159807 167240 157904 194173 157241 130632 147149 148059 147339 156631 155820 147776 152900 160214 151931 178856 143572 148220
166937 172467 175885 149113 168648 153511 189585 166519 154386 179676 163455 130616 150096 154680 162428 170797 164229 182776 155004 147819 148727 163420 199484 165596 140948 176621 163459 157543 146028 141628 174530 147389 186163 159980 159659 159274 145261 184556 159063 154033 162004 171354 162995 174237 157773 156521 164491 173590 179723 198713 179334 155558 156280 165981 155407 176392 158548 162613 153794 164750 160960 174671 163656 155978
162190 161976 172273 147792 172289 135265 191006 150258 140904 162229 168465 130303 142206 157207 154774 169242 156753 187220 158875 139376 157733 151023 174343 167931 131394 173260 156364 145983 143135 145504 159603 145485 172801 142265 142091 146153 139005 154863 160333 155427 157483 156486 145369 171987 158521 169981 153958 162382 170544 188806 175427 160407 148007 163193 152541 177702 160531 162040 156508 157474 164453 165601 158473 155892
160836 167099 157283 143421 161821 133828 175363 151987 133648 141879 162423 137920 135876 138589 160803 158880 150131 170874 162399 129882 160830 154396 179671 157496 123422 172523 145635 149492 137777 134853 158162 146056 173253 142954 151005 131305 141284 158320 132376 163710 154330 157060 155351 162143 154212 165448 158305 177788 150432 181702 160649 125356 161373 146074 154215 167762 150614 165843 146855 157068 163940 173123 146366 153403
168111 168955 166653 152713 157007 148288 190445 162463 150317 140122 161579 137277 143342 155653 155237 170338 159369 182591 162752 132611 153283 158063 180604 174082 116036 176150 150763 138458 132257 136762 162934 162795 175740 148466 146839 145746 141978 160421 165689 161449 151172 165130 157899 173723 153251 178468 168572 159895 165851 181792 153935 147868 150171 163172 159823 170105 153312 150809 156293 163916 171844 174985 146940 158754
175723 182527 177515 165857 176859 147792 186719 159004 157418 175456 180785 134606 147477 163620 164931 164052 166493 193820 175415 154388 156279 163109 210204 177339 150651 185524 161222 158534 148994 141558 170743 141286 186191 152945 174879 159889 157656 172824 159336 173371 171083 182861 172590 193031 159117 174119 161964 186638 166383 207113 188428 152729 160211 170799 155281 188188 172620 170069 162453 188162 163123 188930 154005 165020
177393 179257 185110 167874 178310 158810 188396 175274 155477 170757 173965 144621 162985 148405 174864 176630 171484 197810 182638 150953 169198 173091 204715 179307 154785 176363 163380 164237 144279 155089 172035 150556 186497 147034 162510 151761 158135 185467 154898 182546 167429 183350 179591 176797 164092 173586 179139 185412 167852 199397 172386 154591 163460 165406 166766 185938 162685 181670 178327 182600 178490 196243 164147 171917
165332 170511 166906 159971 165481 154090 174052 150044 155505 170535 161342 139748 158945 145313 163824 160558 149455 172455 161724 150994 145237 142594 202919 171055 133942 175009 148798 150417 130179 148380 155659 154557 182796 146925 162553 148123 141180 167258 155263 158275 163011 164465 163880 170496 150902 163605 175859 166889 156717 191205 143347 140489 146498 160496 154669 177683 143589 172390 155404 172450 163462 174425 152428 146289
140278 144006 137058 125135 147162 126453 168769 134735 121241 137035 121299 116931 131988 131867 144696 136170 136551 156452 134277 108719 131289 139287 157132 137812 116557 162160 133887 130528 121676 115506 138822 121074 153870 124229 131147 116161 121443 140233 138760 132952 150203 143929 130797 146556 133970 141055 139301 138122 141604 157423 143077 125925 121685 138862 122651 147906 133755 142151 119735 135770 135247 145385 132298 117887
138219 155826 154378 149558 157137 143381 165584 138474 127543 153202 153407 135571 139720 141548 142408 132460 143361 161194 140037 133928 143420 133166 175703 152165 121297 148358 142663 146240 139191 131126 147374 132446 165352 130746 136073 139301 130811 151906 143663 142251 145317 152286 140419 154691 137178 168659 141684 152706 147759 170509 147865 131612 135155 155867 131293 157731 131145 147353 135420 153041 158891 174877 140494 133914
158675 153237 161212 148151 157899 148773 185658 145680 132257 158338 160542 125709 143437 137055 149649 162517 153228 162344 153850 144304 144175 151184 185404 167506 124631 168684 151424 146692 140113 138119 153439 142917 169741 145555 149238 137338 136733 153669 144876 164355 147826 155852 147129 174893 155068 173732 163572 162991 147171 176495 153107 141833 153564 150258 147381 170329 132170 161079 151927 162480 162955 168592 141621 152841
148263 166014 158025 162006 161209 147404 164561 153053 145341 150597 155936 131244 145202 136342 154354 161869 145367 164955 162335 138528 144461 149915 185175 168743 130804 163612 151263 158447 139314 137326 156830 152733 171280 147726 145900 136873 144721 164129 151440 156997 162217 146884 146241 167477 150300 158181 166348 163441 146747 189784 151307 144344 155189 155185 148782 159996 143495 178285 150154 167521 173604 175814 142877 161492
164013 167426 168779 158611 163459 145632 190695 161786 140321 155584 168680 127227 157311 143078 158608 168718 156838 174967 148152 146052 158660 155381 199621 180199 134856 167661 153328 155030 134074 138690 156652 139522 181054 144842 163333 156842 141244 167771 152927 158334 155013 167079 154516 174072 151796 169784 169982 167241 151611 185697 165756 155917 149840 157479 154157 173306 138012 165130 158447 163902 165174 180093 155744 152608
150428 156933 167174 146625 143949 146175 178831 155076 128451 161237 158690 140297 140841 139463 155200 161188 150375 169108 143789 132535 136878 153255 180850 156489 135581 160436 138573 131708 135082 143873 158724 141973 151983 144484 147205 150596 141379 168239 141856 153970 140875 166660 147840 162619 139811 149279 164311 166404 155650 180774 161204 144775 156066 153644 151949 154808 137590 159964 166596 158773 153299 169121 150219 152389
178284 181729 192348 169528 185901 165252 198844 194193 172249 188384 175510 139596 163537 158946 182124 178567 176380 192593 180224 152822 172262 176897 196016 186791 146407 180385 172479 166612 149998 157919 176803 152518 189421 153431 171675 172832 155588 188335 172058 162192 168861 186176 165441 192835 160477 180062 189478 178995 174221 211502 185704 162654 161307 181222 181804 180270 167910 172995 174941 182748 187065 209172 169552 167702
155624 174663 184007 164394 181991 156746 195731 173661 152505 181551 173324 146208 164569 160419 181011 174791 173948 178728 180604 148322 158738 165338 194862 179419 130327 178801 156428 169234 163918 155537 171918 164695 188161 149801 174188 151906 154104 165561 166470 170289 170208 188237 172660 177587 165209 171755 190247 177481 165499 206866 163206 155205 162304 177092 158728 185746 160273 172493 175518 168709 178446 207157 173835 162155
173480 172259 178529 168668 185674 147073 198734 173850 153905 174923 173717 127333 159841 154493 162465 179043 159591 185485 169944 159259 170691 163022 193219 181053 144370 181938 166725 158043 155107 144497 163843 141219 186698 139559 163808 154861 147639 184477 163186 169039 164212 183172 162580 172162 162329 177851 174672 182962 163920 200523 187890 153268 160679 160334 174071 185284 163087 182008 167085 165904 165834 195109 164828 153631
163096 170928 172065 160691 170760 149552 197283 164251 149745 163350 162408 144885 166171 151957 172563 162877 161637 188050 175803 146461 152257 167969 192006 171043 143292 174068 156003 147224 146972 148852 177087 151539 180402 156155 156363 143444 149670 169513 159800 182575 157787 184885 169219 178089 174153 177661 184910 161674 160697 195180 170072 155565 154653 163484 154746 175569 153384 168399 169476 171690 174954 187496 172446 150675
150241 166887 153638 149532 165522 142194 178637 163109 145049 168539 172751 126925 148914 144103 155184 162714 149737 166550 167676 132725 146903 152073 181821 163226 136956 169114 149079 152469 128731 136281 154876 150977 171396 134746 138072 149372 137628 168911 145524 153265 160435 164598 146530 166969 163102 162828 169074 159874 146872 183198 152001 130424 151463 145927 141242 162428 141961 145460 147878 169699 165862 186175 145444 150757
160731 176022 154400 155083 160860 148691 183183 158932 150479 154623 165515 128447 148045 137150 160673 180686 144942 174227 149426 148966 141461 145180 187189 177912 140912 160044 152230 153041 134929 144423 157759 142934 173791 149624 153424 150670 129710 176846 156497 144395 156865 159406 154875 172151 146331 156617 169414 161061 160995 189350 159335 146978 145190 163337 163398 164630 137613 165556 151681 165377 158383 168364 145586 155257
164110 164784 169089 149987 166852 148231 181005 168070 151925 175403 162985 143056 143318 150847 160770 176006 158732 182354 171911 142199 149959 146043 188684 171110 140287 167189 153733 155486 139504 148946 172953 153688 178115 160812 151304 147326 135112 180585 165253 155030 162903 159478 158537 181676 154464 161927 166265 165531 169150 198722 151797 149100 155460 171689 156688 171392 157035 167960 157083 158874 167428 179461 157308 160111
138144 152491 149963 147171 141314 130010 171223 154511 138556 149030 142763 128950 127573 134721 152336 147550 148848 169521 145920 134727 139681 142194 162772 150904 122214 150850 135331 141623 127668 128937 161947 131034 156242 150622 141396 129018 130302 144474 142869 145151 138331 152399 147050 168097 145927 141682 156141 154918 153761 181228 156738 137385 151800 142616 136247 156324 148596 143493 135416 145233 144082 165987 141540 137479
146702 167384 173092 157496 160265 149918 174796 160663 144494 157104 172229 135308 153458 134380 157089 164537 149448 166595 157243 142750 148504 151992 176327 178324 136451 164229 143508 148291 140982 144331 148893 145035 173651 142564 155979 145997 135948 156923 145989 154974 151946 165764 165778 154378 145049 156674 166574 166248 160098 196497 174276 139883 154137 158306 157972 168607 153607 155603 153570 164538 158564 182004 152472 154975
163790 166496 165724 163044 156312 147105 187017 154994 146329 158889 170791 136276 138679 143052 162778 164126 170156 183496 153218 146691 157140 152211 192240 165927 132679 164969 155825 163752 139952 139587 171360 144807 180734 148085 157290 144627 140027 162958 161332 153224 162173 148716 155186 184373 145604 169489 155353 166523 163219 197750 159565 147885 152677 169879 155865 165508 154504 158276 154073 165948 160626 168852 151026 153354
158995 171189 166490 162064 175712 154220 182517 172188 145811 165663 164747 128646 165480 140391 165431 163792 145067 179545 160743 159005 151891 163483 201689 178804 137035 168348 152139 149235 145292 125959 161120 143985 177264 153913 153607 156191 149085 177566 150736 166000 145065 164584 166457 175485 158174 161239 184605 176341 167685 193761 177639 144787 155066 162128 155392 184629 147204 166613 155989 157443 169697 174309 164766 154881
153635 149779 151104 145194 150035 143863 171098 139197 133149 159710 143250 117873 142920 134771 149072 158527 142623 158333 144493 142965 140289 144486 181713 161167 123716 146035 149057 146400 133725 135319 152049 134819 172111 134175 136721 138586 127317 162599 139040 153677 136231 146250 149947 149340 138896 151583 147204 148727 150403 168772 145990 138347 148682 153849 150609 173211 140289 160869 150381 152565 147904 166059 138236 149414
156952 166134 159186 145670 170474 144433 182270 157258 126602 143973 156328 140366 147764 161077 154783 152974 145166 176738 144609 136964 157404 155979 190944 168218 133752 177046 149272 140861 142200 125257 147640 146805 171466 139231 153248 155197 136196 166000 150012 156306 148436 173551 147249 165520 151539 165445 164384 168854 162355 172967 171048 144091 130524 155945 152633 174211 144936 151840 151674 157016 157016 179040 151345 145465
149409 157894 167490 158779 159464 139247 181997 155236 131795 151188 159069 133800 152240 147646 160943 146657 156792 172367 148768 126021 142003 154183 180150 164017 121138 166866 141114 148886 133740 134591 153900 136085 161272 123732 148090 143231 137793 153135 150632 150405 146387 157954 150424 168157 140185 165579 148375 158973 148713 179721 163066 153833 141180 143114 135930 163301 124698 149714 155253 165906 156331 189683 146166 138225
160892 171063 172475 150284 166427 142993 166389 156631 144034 156217 168433 144573 143619 155036 161577 164363 151136 173643 156877 133187 146507 155490 187471 168964 144614 178205 148683 150019 138695 142499 162022 155053 172873 145222 154178 151892 151635 178743 140979 161062 157949 171721 148245 173440 152975 153295 164704 172383 150713 186291 171096 140399 153960 145702 160717 161121 156050 173436 157191 166497 159456 184080 152821 154925
145343 176523 154583 157633 156179 147386 174141 150699 141349 151513 150880 143214 144893 151530 162865 156977 156418 175867 158296 137142 143927 154513 181385 167822 137911 159686 157457 162449 139960 131057 156955 141362 161129 132633 137893 136170 135830 161606 159004 149139 155667 148128 139329 174595 149317 158154 156085 162623 151402 174986 152131 129761 135980 151019 155623 166317 147256 174362 147377 165046 155843 169286 146720 149842
149203 172825 151816 138384 166905 137960 169311 153247 138537 150946 154500 144745 136552 149788 153991 149022 151547 172130 156041 124501 134640 138126 171818 160963 133689 165215 147468 146299 139881 129647 152629 146014 162168 140847 134048 137880 136804 158123 152471 145330 164572 144973 136651 159153 149219 150615 156690 163133 163866 176932 154244 135987 136577 153160 154216 156264 149851 158210 142430 170553 169132 173171 135420 153216
180063 192011 173707 161006 175331 147304 201138 172483 173400 191405 174369 147592 166127 160548 180676 173939 172151 194413 179668 154360 173602 163301 197618 180313 147641 186132 159383 157662 145791 160760 184153 153572 197647 158238 172927 156946 157182 184456 165895 175697 167230 175032 167129 184786 163524 165710 180775 173499 178974 206174 174005 152233 167059 172396 173527 180742 175085 173276 170833 176397 173648 187204 163728 166046
144771 159986 145759 143053 157126 146233 166516 154409 134146 145775 162874 131405 134690 141002 147654 154141 153552 166785 148985 132190 157110 141363 166683 161385 123238 155312 142592 144672 133983 135958 147532 137410 170198 135316 139433 130118 134375 169970 150814 153931 153308 139903 145725 150241 149692 155546 158064 160935 149834 169070 163106 142040 140052 145383 157022 161602 143382 147241 140763 152426 164785 175858 149823 148244
139760 153439 147017 137038 142538 125166 160945 136474 131448 145168 144708 120042 127045 132165 141481 142849 137703 167150 147683 118824 137836 143737 164255 149799 114152 151937 141687 138601 128164 113667 142341 134823 151675 125981 128286 135164 119116 149850 143222 133660 141350 143410 143123 159397 137689 147733 149870 145225 148743 167553 150042 123246 134993 150386 132957 157618 136296 146655 133668 136091 141972 166606 142308 130943
146778 171890 162344 155116 158243 144442 180453 154083 144829 157085 153002 144775 145005 154226 146391 158130 153416 175182 159563 138981 151905 157649 187447 166156 134683 164392 157775 152859 136780 146245 158703 151553 172993 136216 136304 146635 134259 172637 152457 155509 158762 158341 139376 170152 158732 167402 166197 156955 145068 182208 157975 142132 142692 148261 154823 160029 147742 174825 161130 164094 159817 178559 145166 152383
160899 159883 153318 140486 152370 146060 176087 157168 144473 165798 138841 130157 152394 140144 156412 165135 145145 169756 158544 143584 144254 148854 181118 159683 133780 163179 148143 150984 129369 146852 156503 142034 170842 146077 145694 128067 139086 173106 147464 154877 149322 159348 141565 163839 150380 146226 169156 151581 158348 180168 142992 136418 141593 152436 151753 174305 143275 170969 147428 159201 148542 158197 152173 147366
152027 151489 155585 140548 151010 128016 163300 143436 135331 152601 157745 117423 133265 133642 147705 147933 153804 167926 138439 126883 139890 141362 169579 156715 114794 144174 136653 135819 125881 138756 150458 122151 168377 133931 150300 138160 141489 162140 128641 146831 139581 150058 153468 157274 137469 152932 155471 159147 148013 173561 159362 145199 144194 137291 146297 160003 136117 154984 149518 148120 159462 169522 152019 142809
