28.68 3.39 98.92 58.35 72.35 94.74 59.32 85.77 77.79 82.99 40.32 58.05 44.77 72.39 13.05 76.92 44.55 35.78 63.27 29.68 39.66 52.53 69.83 36.31 82.86 71.86 43.84 7.38 16.40 16.39 41.19 86.37 76.37 79.86 55.69 89.91 57.14 39.50 17.71 16.41 25.14 3.54 34.17 39.89 56.44 46.44 16.78 82.33 16.18 65.88 53.12 26.90 81.52 66.35 55.85 76.36 73.35 25.35 75.53 96.38 81.28 77.79 17.89 55.49 
84.17 59.25 87.97 68.43 37.29 51.16 84.17 48.89 5.59 37.30 30.07 23.30 65.14 21.20 46.01 38.34 32.35 52.26 87.17 8.20 35.87 58.79 71.51 37.19 94.15 15.87 21.65 59.49 80.54 20.28 44.07 38.09 88.47 85.11 76.15 87.04 59.77 58.97 55.95 58.16 86.98 69.21 48.37 18.47 15.47 77.37 89.11 30.45 35.04 48.50 86.39 86.26 3.11 26.91 63.83 86.64 59.21 44.74 82.02 1.59 92.18 91.96 0.89 16.48 
75.49 54.98 32.96 39.77 84.48 66.60 34.58 69.25 58.28 58.35 65.30 75.22 66.78 83.55 50.84 87.80 5.92 85.13 54.77 13.25 67.72 42.86 73.60 54.85 39.31 38.32 69.29 57.19 38.82 17.38 34.67 75.79 20.22 97.50 77.32 64.92 48.25 54.00 99.02 96.84 29.76 42.49 16.54 22.17 75.67 30.23 47.03 4.57 34.33 65.89 81.32 31.38 11.24 10.14 44.79 16.21 66.29 14.94 28.98 5.14 38.13 83.95 73.80 73.97 
27.72 51.00 24.61 27.72 95.43 83.17 94.06 41.71 28.23 55.04 68.27 9.62 7.84 6.85 92.39 88.78 87.27 9.66 64.07 24.51 96.84 13.28 98.36 47.20 80.37 0.66 71.12 32.03 29.22 43.17 92.11 41.02 46.43 95.44 11.21 24.48 78.98 97.80 68.10 69.96 19.44 17.25 61.51 44.61 99.39 39.65 33.55 35.97 11.57 44.56 1.16 3.50 86.85 78.36 48.95 19.89 54.14 24.16 65.96 57.21 90.17 91.10 32.85 90.54 
33.15 98.85 71.19 25.29 62.52 8.84 20.71 7.60 92.15 41.76 91.37 54.87 29.25 49.00 61.18 34.92 28.63 64.60 15.34 53.94 91.35 62.45 48.56 54.29 44.50 93.53 63.35 54.47 70.20 11.29 81.59 65.05 31.25 79.68 19.73 73.73 11.94 58.57 47.40 1.13 16.29 96.91 66.41 60.77 1.96 79.68 21.32 22.14 74.80 62.19 42.99 98.38 6.81 22.43 39.25 87.42 18.84 42.94 80.84 66.45 57.27 65.07 4.33 78.35 
54.47 97.86 2.50 10.10 24.27 89.32 38.12 52.50 84.27 12.36 93.71 82.26 17.54 4.95 68.26 85.56 90.78 78.67 21.55 47.44 84.06 93.22 41.26 20.18 33.90 16.56 40.19 71.20 39.15 78.05 35.43 81.82 46.31 85.68 58.03 30.44 30.51 50.54 39.53 75.02 56.60 23.26 80.55 87.87 23.63 48.68 38.15 70.69 8.09 20.02 70.47 51.11 32.36 34.20 28.15 90.00 31.32 62.48 83.54 29.56 95.97 15.84 18.12 20.19 
20.46 95.17 14.83 66.99 58.04 28.19 16.40 82.66 43.98 44.13 1.48 1.22 56.35 57.58 98.06 48.87 28.61 55.36 16.69 2.67 83.79 56.13 22.29 99.16 4.13 22.88 68.41 79.42 10.61 80.66 75.62 85.82 90.25 0.55 2.84 49.93 20.41 73.69 95.14 88.99 68.72 44.63 36.20 98.94 58.57 19.60 12.66 73.84 71.25 68.25 82.47 92.55 68.34 12.07 88.51 1.84 4.42 7.47 30.07 48.80 83.73 49.66 37.38 73.04 
69.49 66.42 15.29 94.68 59.89 55.04 13.09 80.71 67.95 27.51 78.67 84.91 51.81 15.02 36.32 58.60 12.41 19.29 63.99 2.24 83.12 40.80 44.90 92.27 78.98 63.80 61.79 45.64 68.00 88.35 58.82 38.87 37.55 16.25 84.24 67.99 66.83 71.83 81.29 36.48 22.57 59.59 91.28 54.09 50.23 77.87 55.26 6.23 84.11 91.99 39.72 48.97 1.75 91.45 37.47 8.34 60.09 74.45 87.93 65.61 94.88 96.29 75.48 44.64 
80.25 96.43 5.23 6.59 15.88 29.23 2.40 86.01 75.57 84.08 26.94 11.75 92.97 64.35 64.71 47.05 74.42 98.37 74.05 89.99 65.74 3.20 72.31 72.36 76.74 34.51 73.78 31.26 82.77 11.34 19.86 37.69 5.70 79.50 14.31 73.90 29.93 73.64 45.70 94.65 64.75 36.22 89.96 98.25 9.89 88.98 12.99 96.28 32.16 28.37 45.30 90.75 57.45 20.44 52.64 48.94 66.28 33.97 0.85 66.08 58.05 31.27 26.40 53.67 
84.55 86.53 37.77 48.06 68.08 69.17 91.41 89.74 99.98 18.82 61.44 10.26 26.45 11.06 12.22 42.36 36.27 83.57 65.27 15.46 30.92 34.46 54.67 36.87 62.82 85.74 64.45 29.77 27.01 9.84 43.15 38.76 66.92 18.80 48.46 75.49 40.63 60.92 66.60 11.51 48.48 46.59 50.69 55.61 28.39 89.97 66.74 56.02 5.29 43.64 68.56 23.18 7.26 96.81 52.14 80.71 79.11 34.26 95.80 94.55 35.55 96.05 47.61 50.88 
31.71 22.60 50.41 57.75 70.82 0.07 62.58 49.71 51.32 76.38 30.08 35.84 63.47 9.49 55.22 83.14 19.83 42.84 48.75 77.24 45.51 13.67 83.84 8.66 55.82 74.09 36.63 97.00 81.11 91.33 33.17 87.03 54.12 68.15 72.83 8.31 93.62 29.37 33.52 79.83 43.39 59.88 71.69 37.75 7.14 7.98 27.76 99.41 5.53 58.18 98.04 26.18 38.24 1.33 94.09 65.28 12.83 34.46 17.75 65.76 96.19 49.18 90.31 79.98 
17.84 12.59 6.74 66.05 79.35 40.49 27.04 67.17 91.81 73.04 6.58 8.26 99.74 96.70 67.66 38.40 21.07 61.44 29.46 47.85 74.66 95.81 27.69 62.59 30.44 37.20 45.98 12.43 92.94 71.11 2.93 2.13 10.49 44.79 65.05 6.14 5.29 6.22 48.08 81.96 78.76 57.24 89.39 82.87 39.06 40.91 44.70 61.76 85.48 43.50 97.24 75.04 28.24 17.40 72.88 1.58 90.11 64.49 6.56 49.84 45.12 35.31 51.71 62.77 
55.48 36.31 72.40 42.14 87.24 6.52 45.55 59.55 14.65 12.30 29.19 36.99 67.60 11.84 66.44 95.16 45.86 62.21 64.38 11.35 25.89 77.16 79.26 15.61 43.72 35.40 68.37 87.56 55.14 53.80 30.50 55.13 15.94 47.39 91.41 3.75 31.34 93.81 81.78 1.59 44.13 24.72 20.75 36.28 8.37 27.22 43.32 30.50 10.88 88.82 69.94 11.33 45.64 56.26 0.15 96.03 47.51 31.07 71.01 80.27 18.64 68.62 77.39 43.63 
11.89 44.59 44.34 59.04 91.19 90.04 94.09 19.58 85.84 59.57 24.95 3.96 65.04 48.79 24.29 81.84 4.44 94.53 33.19 72.04 32.63 52.88 45.76 86.52 8.17 22.33 42.94 97.84 37.09 6.64 40.08 56.23 31.63 50.71 57.71 73.48 31.34 69.21 59.61 14.65 50.00 28.45 92.57 55.94 44.88 52.90 88.28 32.51 75.44 22.62 90.25 80.05 70.19 41.35 9.21 78.10 54.86 0.93 89.05 96.76 4.80 9.55 72.90 53.61 
76.86 26.09 54.38 52.79 9.27 88.53 65.71 19.20 23.91 89.14 76.08 49.08 19.29 53.94 42.41 86.07 82.93 64.40 95.11 38.96 93.29 19.74 61.47 24.94 87.93 23.31 24.51 87.82 37.34 44.32 28.99 84.58 13.24 96.41 45.93 39.65 82.48 38.06 50.80 96.29 7.37 52.00 49.02 76.84 36.96 61.59 70.67 61.19 85.97 65.01 95.23 90.51 43.38 28.23 98.63 38.79 73.27 65.47 98.58 25.10 11.37 15.49 56.49 28.24 
43.65 7.18 29.99 92.19 64.97 14.42 55.49 50.26 62.27 14.49 18.68 8.14 24.57 41.43 13.64 76.91 93.34 77.91 74.83 19.60 98.66 79.62 32.33 19.09 46.51 28.06 17.45 78.68 22.41 61.76 62.40 58.87 49.35 66.16 75.32 80.29 19.39 44.89 63.92 97.45 66.87 41.45 23.65 11.84 14.07 54.67 45.86 1.42 36.03 86.62 46.94 74.28 76.29 47.78 79.14 3.92 14.78 36.88 46.53 6.57 34.47 31.51 13.24 5.02 
22.47 61.74 11.39 30.97 55.10 19.13 1.35 89.98 3.43 57.98 85.00 86.20 59.81 91.18 87.28 77.82 40.51 79.33 32.84 27.02 79.92 28.36 62.66 61.78 49.76 82.58 96.85 14.85 7.43 3.60 10.18 15.82 87.45 64.27 22.38 68.75 59.78 76.90 56.39 3.80 0.88 17.88 75.99 69.35 13.71 85.87 56.88 69.63 34.32 89.37 36.97 39.44 47.17 3.82 37.36 60.22 28.20 55.12 82.23 13.19 37.76 7.07 20.21 18.48 
90.18 23.60 40.76 46.93 99.75 26.17 89.48 0.48 77.18 5.96 19.68 35.43 1.96 43.90 15.07 64.40 75.97 70.66 69.87 49.75 21.22 9.62 16.68 83.02 51.66 32.13 96.08 69.83 28.37 34.44 84.83 82.64 97.77 97.40 85.84 53.04 47.70 35.63 1.85 47.38 98.96 60.86 6.89 69.32 80.67 68.50 33.11 93.15 57.27 93.64 30.92 42.77 84.24 61.50 95.39 37.57 6.70 20.42 49.85 73.10 7.49 43.05 76.59 47.76 
86.27 70.06 40.59 57.86 92.56 89.14 32.79 46.77 57.02 10.58 55.31 58.27 47.34 30.42 67.26 38.93 89.23 35.32 61.67 21.22 1.34 43.68 95.98 77.14 47.11 8.90 52.65 26.33 41.15 74.57 64.70 43.58 38.16 63.09 5.51 31.49 33.29 49.98 11.26 30.55 5.25 77.17 32.58 23.52 27.43 50.71 67.70 37.37 86.31 84.29 93.85 65.44 80.98 4.11 77.73 49.34 26.51 91.60 10.61 61.57 10.84 42.70 96.88 38.23 
11.01 34.25 29.42 54.33 65.92 90.12 96.44 84.11 1.95 75.94 82.39 57.22 96.12 92.23 65.20 82.94 31.06 8.63 53.80 46.95 76.54 84.78 27.35 12.49 15.45 80.80 71.08 10.92 11.41 89.63 97.58 57.02 0.65 61.57 97.88 66.53 16.54 20.44 90.40 54.23 90.74 68.55 4.43 51.79 5.33 10.35 25.89 51.78 0.38 14.14 32.86 55.13 70.92 10.01 96.58 57.69 46.63 60.65 0.49 53.44 6.02 85.50 5.53 52.21 
65.57 62.89 22.50 35.88 46.01 91.49 66.02 66.79 1.16 57.02 29.87 62.01 69.46 61.95 90.81 40.47 69.61 40.83 73.39 52.33 5.19 24.34 37.36 72.11 47.50 78.21 94.56 40.20 47.30 49.73 43.58 31.92 92.62 44.10 40.76 43.87 3.04 28.24 76.52 63.39 46.05 87.53 15.59 4.29 28.60 72.06 11.36 35.71 10.66 97.10 48.83 89.98 62.93 47.89 32.70 34.12 23.04 76.87 82.73 1.11 81.11 26.64 31.64 10.46 
55.06 98.76 9.20 2.28 75.63 84.40 91.71 3.75 32.85 68.02 23.32 9.37 19.98 71.12 21.44 17.17 54.36 63.92 36.06 66.01 73.95 60.21 99.82 85.50 68.76 59.63 61.07 44.46 81.04 11.79 93.73 42.13 99.89 95.43 35.06 3.76 68.95 40.96 67.57 35.03 33.17 5.93 14.80 6.07 46.65 15.74 73.67 37.94 36.62 74.14 19.35 50.78 97.96 24.78 83.57 60.95 79.02 74.46 87.36 5.58 66.34 96.07 90.92 68.00 
14.27 51.29 10.38 46.64 33.54 2.68 42.81 11.44 63.40 87.86 6.87 10.16 42.68 37.35 96.03 43.55 32.80 62.28 27.92 58.01 87.80 52.13 5.00 5.75 98.36 87.97 75.53 95.32 65.55 94.37 90.61 78.41 88.19 46.02 99.60 13.24 74.35 85.16 54.03 79.50 13.75 60.45 19.14 47.57 97.57 76.67 81.02 42.63 69.58 58.43 65.29 18.59 14.10 27.10 84.45 88.26 27.77 72.89 42.41 27.45 22.73 70.04 40.10 66.18 
24.08 33.22 84.54 35.91 0.65 26.60 46.52 93.72 34.64 28.36 82.35 76.35 63.87 10.34 5.13 16.50 47.30 86.87 99.90 98.50 31.95 78.42 9.01 89.15 79.88 25.35 53.15 40.40 8.80 35.64 78.28 17.39 45.14 54.60 13.83 91.26 34.58 10.20 3.96 60.57 35.30 0.62 21.72 22.30 44.16 85.10 99.13 96.62 10.01 10.20 59.13 46.52 79.51 63.18 80.09 15.84 98.72 0.64 43.32 41.05 67.51 25.82 80.44 69.41 
90.10 66.68 23.80 50.07 76.36 94.45 56.36 88.45 37.81 58.94 8.71 64.86 45.26 18.78 36.89 8.44 5.10 48.91 42.17 94.78 2.00 87.62 64.48 45.60 89.20 83.89 3.62 22.63 7.63 55.27 80.83 61.62 53.34 33.67 27.50 27.64 28.63 52.93 91.34 57.60 85.24 19.90 46.83 56.39 98.30 70.16 86.87 98.91 66.37 66.39 19.41 22.17 20.50 91.71 31.71 39.17 51.64 70.22 8.49 26.18 22.10 95.53 62.39 13.76 
13.58 91.28 31.96 1.99 21.14 96.87 44.20 56.24 90.18 88.15 37.71 24.37 85.35 30.39 70.57 34.95 84.74 41.39 30.24 6.48 91.00 54.02 53.33 34.55 40.12 10.76 48.26 73.11 31.84 27.12 94.92 47.35 1.14 6.44 30.74 85.80 58.82 14.50 67.58 1.13 43.86 48.41 96.65 14.75 59.88 93.59 52.66 68.30 8.36 0.15 34.55 16.08 8.81 51.48 68.48 71.11 37.84 68.53 0.77 4.43 48.49 88.90 93.57 20.92 
82.23 26.10 34.78 10.23 29.07 25.05 2.36 71.99 95.89 75.02 45.89 89.44 88.37 53.39 89.33 53.27 97.67 44.25 15.90 37.95 93.94 72.19 32.94 76.29 6.39 68.16 40.42 21.55 68.41 99.25 94.43 25.42 88.46 46.76 20.92 28.50 67.55 83.46 33.77 33.57 53.81 71.81 5.53 2.21 34.81 97.93 36.93 23.56 9.98 86.29 76.14 92.06 23.00 80.23 78.57 13.80 74.15 29.14 62.51 35.06 41.05 63.33 31.91 18.03 
40.88 69.34 88.08 67.69 71.95 83.70 84.18 83.77 71.14 81.93 13.50 97.64 31.08 86.68 71.03 13.79 14.74 47.57 93.60 18.39 22.21 16.36 14.79 37.84 25.24 28.31 77.96 21.40 26.47 15.65 73.24 72.07 4.69 20.41 21.80 10.34 76.50 47.43 44.66 7.17 27.66 29.57 88.03 75.90 42.37 70.40 92.94 72.19 81.18 87.74 44.84 45.11 13.03 69.22 88.44 33.59 83.89 17.05 69.24 83.72 50.18 38.02 33.40 73.60 
10.27 21.09 49.63 0.62 66.50 53.88 75.34 10.06 62.79 66.81 90.26 53.28 9.40 54.54 30.22 33.78 76.16 63.03 27.67 16.94 56.50 82.83 90.14 27.17 75.55 47.12 71.54 95.04 83.26 16.04 61.74 62.72 2.32 56.80 14.35 53.19 1.03 54.51 93.39 96.19 83.14 46.68 21.64 0.17 18.92 4.17 19.82 19.01 52.56 90.16 7.04 88.25 79.36 52.02 81.47 0.50 99.18 56.78 76.18 17.45 93.97 70.30 73.79 88.19 
61.52 88.26 34.62 17.49 29.48 28.15 0.56 86.61 29.00 36.36 67.65 65.68 35.90 96.67 78.57 64.71 77.29 68.70 42.38 65.15 30.08 13.75 7.65 79.73 1.80 80.19 46.47 2.62 11.44 29.36 75.40 85.08 0.16 16.29 19.14 96.77 5.63 98.78 23.07 98.76 45.11 83.54 43.92 63.54 55.80 47.18 17.98 20.91 76.43 49.79 61.93 88.56 52.03 19.42 68.91 10.49 99.99 67.29 98.41 36.22 43.25 31.02 54.40 67.85 
39.14 42.12 47.84 31.58 20.31 67.28 49.53 78.61 44.95 70.52 31.54 99.69 6.97 51.09 93.44 32.19 56.58 84.63 69.92 46.04 41.76 61.17 74.06 67.90 27.01 80.13 92.17 76.15 79.36 97.23 36.68 7.50 81.91 34.79 45.66 74.25 28.30 17.17 75.96 95.05 36.36 0.09 29.59 70.39 55.62 2.67 87.50 37.31 29.34 68.50 51.86 52.58 34.22 62.76 78.96 81.34 78.50 50.87 80.91 27.66 30.39 73.44 32.70 10.28 
13.42 61.08 66.56 38.86 76.60 49.32 95.01 53.79 5.65 93.32 82.14 44.70 49.60 77.45 3.69 69.05 73.45 13.22 83.06 93.56 10.42 57.28 12.16 19.91 86.11 8.04 63.55 98.42 91.56 61.68 96.43 23.49 88.95 76.96 93.49 78.87 51.38 95.10 15.30 98.21 70.85 92.01 6.49 21.92 3.91 7.90 75.00 39.35 40.00 95.56 88.16 58.26 50.74 71.43 85.44 25.42 70.66 85.09 86.35 64.84 95.90 91.86 6.99 54.88 
23.13 48.30 5.36 14.59 24.36 59.14 79.67 36.73 69.57 50.70 78.84 92.54 72.04 91.25 60.51 5.48 2.22 56.63 89.41 47.66 21.58 44.70 60.21 11.89 83.86 30.80 52.64 50.77 56.94 66.29 65.73 57.25 58.59 48.65 48.18 63.63 36.61 60.86 7.46 57.06 17.86 32.73 24.42 17.20 85.36 23.48 72.02 27.24 5.97 36.60 44.54 27.28 31.74 54.06 76.27 27.26 54.74 0.82 11.25 43.74 23.85 7.83 77.86 2.69 
79.21 68.16 68.51 43.35 36.81 33.46 90.79 23.24 59.49 23.52 35.01 46.68 94.21 66.64 94.91 47.28 89.81 49.27 2.15 90.40 97.34 89.62 88.75 62.95 75.84 74.54 38.07 74.18 9.46 79.17 11.86 37.19 42.82 77.67 72.52 60.72 91.83 40.80 81.62 28.42 5.14 96.34 25.33 17.67 23.88 36.43 66.53 2.56 48.61 79.31 2.16 29.01 24.72 42.40 76.60 69.88 40.29 1.26 86.98 9.31 12.11 24.83 62.01 17.95 
19.98 72.68 23.37 69.24 39.85 16.98 31.12 91.71 39.78 55.98 21.49 91.53 51.80 65.37 13.53 74.80 84.27 94.48 17.71 52.01 57.47 64.55 30.94 44.43 30.88 89.02 78.18 34.96 92.15 91.82 4.74 68.88 74.73 82.46 68.12 17.56 11.65 6.99 30.43 12.30 49.13 19.38 38.46 27.01 38.23 27.49 27.63 49.50 95.42 91.91 82.93 54.81 38.39 38.86 28.07 20.11 26.56 83.85 46.96 46.18 68.24 84.16 43.96 1.75 
45.79 20.29 41.75 62.89 59.15 30.70 19.73 41.52 40.89 81.89 39.46 78.46 1.39 8.13 34.87 27.43 72.93 27.43 30.19 54.95 97.04 23.62 77.98 90.05 33.71 83.54 81.33 65.77 31.39 33.02 14.70 55.42 81.21 28.18 88.26 36.42 60.19 56.09 33.32 13.10 12.04 42.48 28.65 6.29 75.25 64.81 52.55 11.37 9.44 57.31 82.86 9.51 85.19 26.17 13.74 71.88 2.67 44.01 28.41 3.95 68.75 79.20 60.45 30.64 
33.63 34.60 83.97 78.99 56.24 69.97 48.70 44.25 84.68 38.95 14.76 83.14 47.65 9.59 64.63 79.32 42.62 83.19 38.81 5.65 49.28 76.22 15.83 27.84 24.21 22.46 76.69 80.27 61.27 37.05 51.76 24.05 32.26 82.27 2.75 37.80 86.77 25.70 72.85 95.00 64.86 32.88 6.65 26.69 85.43 94.34 26.95 29.07 95.33 25.81 95.03 45.71 85.52 16.13 42.88 21.89 23.06 95.92 87.98 20.42 28.28 80.26 94.23 22.84 
87.00 68.57 27.29 17.25 9.00 35.21 32.14 27.27 64.68 8.66 3.57 59.03 87.30 16.01 94.64 39.99 7.14 96.17 87.27 55.29 7.44 50.88 61.53 86.43 15.44 48.35 15.79 6.87 77.49 15.61 29.21 22.64 3.55 90.61 60.80 14.86 81.88 49.67 47.83 18.84 69.78 72.36 61.84 47.87 31.10 28.33 60.12 59.20 18.70 11.51 92.48 47.84 77.01 60.39 83.77 1.54 41.13 42.92 40.87 73.73 47.28 38.51 23.17 15.09 
62.74 26.08 86.12 32.67 3.34 68.87 57.99 31.17 41.36 92.47 35.33 91.67 66.92 62.75 24.00 97.83 33.03 14.45 57.45 86.96 70.68 55.87 39.49 94.52 93.59 93.85 49.80 64.07 1.47 80.26 52.77 63.23 16.53 42.12 43.48 10.04 58.54 62.23 2.91 79.78 11.53 44.01 35.95 46.15 84.20 71.90 22.88 24.60 62.85 43.89 16.10 50.41 79.00 66.27 10.56 75.22 11.09 60.81 51.57 34.79 46.32 52.43 45.89 91.04 
54.50 70.25 48.33 79.51 41.08 4.37 16.17 21.52 54.13 38.32 72.85 15.73 65.81 47.92 10.91 86.82 85.84 60.40 65.42 89.79 45.57 46.80 83.58 18.89 22.57 19.80 51.93 70.79 24.42 21.89 41.77 51.02 89.31 6.05 17.66 75.61 56.61 68.25 89.07 90.23 12.12 73.33 90.71 40.62 47.20 34.41 43.66 82.90 9.50 96.84 56.09 76.65 16.08 2.63 95.82 25.40 82.44 81.73 33.23 31.73 86.39 73.60 71.54 79.89 
20.19 57.67 36.59 88.38 76.01 44.17 56.37 0.00 23.43 63.74 1.77 84.01 34.65 14.36 68.75 80.59 87.99 17.59 80.15 68.55 14.12 44.89 29.07 72.05 56.36 26.63 85.65 59.26 3.16 26.73 16.53 90.32 11.78 39.39 89.65 88.68 16.51 55.77 82.88 93.62 4.45 53.90 52.72 61.41 47.88 49.51 6.65 16.95 48.36 10.26 68.53 21.46 62.42 2.66 1.11 44.07 79.37 32.21 89.70 88.43 32.49 1.13 44.28 99.57 
40.86 9.43 6.35 22.64 46.49 55.42 74.94 98.18 99.42 77.42 4.70 71.77 98.67 98.67 75.24 45.79 64.58 48.64 64.61 64.77 10.58 63.21 37.35 63.83 3.02 91.52 68.85 48.82 46.18 86.17 83.08 42.39 57.93 63.37 28.45 57.44 27.20 68.66 93.23 19.92 81.40 39.54 41.31 97.58 32.38 61.18 63.57 67.18 60.56 55.80 36.89 52.37 54.40 20.83 73.71 25.01 85.21 48.79 40.25 59.33 9.98 29.61 45.83 42.11 
32.46 34.21 24.98 9.99 28.60 45.40 67.04 36.92 92.08 93.73 86.42 36.82 81.18 47.21 8.37 54.42 89.13 2.45 95.38 66.04 72.52 27.04 22.68 36.02 81.46 66.19 80.90 11.58 13.51 73.27 30.77 12.89 6.77 88.80 22.67 75.23 25.59 81.04 28.20 2.01 91.71 7.76 69.61 67.94 23.81 22.83 55.22 2.22 3.70 95.36 20.23 84.58 17.62 9.37 62.40 86.68 26.05 84.40 69.89 22.04 43.62 96.26 70.26 85.22 
92.25 6.37 0.58 17.72 67.27 13.65 37.97 39.08 11.30 78.54 54.77 45.36 53.33 20.45 39.56 95.76 72.68 31.04 69.40 47.92 69.32 90.83 26.54 62.20 60.02 11.01 42.81 37.43 1.20 13.10 5.47 4.33 75.83 76.83 2.65 36.35 97.87 81.30 54.32 25.25 76.11 48.52 53.98 0.49 49.95 94.29 43.63 69.61 52.48 15.11 37.48 91.41 43.26 90.09 40.90 9.15 52.33 34.55 86.54 63.89 11.64 74.76 68.62 13.15 
46.36 54.52 42.07 75.75 76.77 19.43 95.04 76.92 22.18 69.85 88.43 95.04 18.94 96.19 34.40 22.31 50.88 34.97 18.94 20.33 9.88 6.00 55.44 50.82 73.98 72.49 21.72 61.72 14.29 73.64 91.93 71.90 12.17 49.78 21.28 42.19 44.92 15.14 4.45 17.55 60.57 82.52 83.26 3.91 68.52 76.05 0.92 70.71 79.34 61.18 25.46 70.34 94.88 16.76 76.27 82.15 71.05 37.71 36.06 45.49 55.72 87.20 25.02 54.88 
34.26 68.80 58.46 25.92 54.17 92.76 25.42 30.93 26.85 26.52 33.99 99.49 80.21 52.43 11.08 96.35 92.81 71.94 8.24 53.74 16.93 59.28 13.86 29.75 93.24 12.77 91.35 38.69 65.52 46.23 73.22 38.81 56.18 84.35 43.27 30.11 97.16 21.02 19.65 49.70 87.52 54.99 83.66 31.14 70.03 44.45 92.85 87.76 29.33 6.25 88.30 94.56 26.61 79.54 79.23 83.72 98.84 11.25 81.55 35.96 29.36 69.24 59.13 33.63 
8.20 98.81 8.34 83.90 12.10 16.01 84.18 15.75 83.22 43.89 4.26 29.15 40.00 81.98 73.64 58.47 64.90 81.57 59.39 80.38 94.19 79.82 18.28 22.26 32.82 29.45 57.84 44.54 0.52 85.86 27.35 43.62 55.87 85.46 59.15 45.48 4.78 25.02 44.43 14.35 55.31 77.93 10.82 76.09 85.55 68.24 2.98 60.82 29.31 36.73 44.85 39.38 93.00 28.35 33.83 34.04 35.76 41.85 95.47 51.47 4.60 39.05 33.63 4.46 
87.59 88.54 69.23 85.36 12.69 30.85 24.70 15.67 19.43 66.71 71.87 71.40 7.16 96.08 54.07 50.51 64.42 88.92 31.62 51.94 30.91 24.69 0.32 32.68 38.53 17.05 4.76 40.54 48.99 64.26 93.16 56.70 14.19 56.78 99.69 11.43 77.83 36.24 28.51 58.29 98.46 15.13 30.22 93.50 86.27 52.23 73.25 77.19 87.73 38.84 23.22 34.22 52.80 0.79 78.77 74.45 58.36 58.98 11.70 65.90 57.54 60.62 48.07 86.53 
10.06 39.41 67.60 25.95 80.47 27.63 51.75 9.04 36.92 70.87 41.43 85.03 33.55 29.49 98.85 77.22 76.23 18.50 36.62 68.48 62.19 40.91 61.14 94.60 51.60 84.59 62.59 77.90 13.18 73.82 27.05 45.10 19.43 80.56 0.97 85.95 18.13 24.04 14.17 64.53 85.29 86.25 11.28 39.00 5.10 93.26 63.87 14.83 46.15 0.81 83.13 91.88 11.66 35.52 69.44 44.39 98.73 91.90 64.73 2.98 14.59 66.34 65.63 95.53 
57.08 78.89 49.95 92.27 33.30 36.14 52.49 56.93 41.58 99.17 30.84 29.95 71.57 50.27 23.02 92.41 37.88 73.90 87.67 30.66 38.62 96.53 61.94 6.87 89.97 78.38 18.12 46.53 95.76 32.07 73.47 67.19 27.71 46.39 4.07 74.42 82.77 17.34 50.85 34.78 91.60 36.07 84.63 43.79 2.71 70.57 67.75 27.29 97.84 27.41 43.72 88.34 75.55 69.06 52.49 73.50 92.06 98.85 4.27 43.51 28.32 39.46 13.02 39.07 
36.20 90.29 4.08 31.56 96.81 70.93 34.38 4.88 83.42 78.22 23.46 16.57 31.80 60.15 60.30 55.23 33.77 45.52 3.49 72.71 8.42 74.65 3.10 58.79 62.57 56.16 53.72 14.74 69.89 10.76 27.01 51.47 96.38 71.72 57.88 46.38 99.03 50.96 45.94 41.09 58.49 16.59 48.88 90.26 20.56 70.37 80.05 21.41 65.22 97.47 68.72 20.54 39.53 65.50 29.45 5.65 99.02 89.41 91.27 49.48 4.79 46.29 51.16 27.84 
3.17 69.26 70.47 53.62 41.19 35.69 4.72 83.36 35.39 75.75 1.80 44.52 65.51 34.64 44.98 36.54 41.03 4.18 38.36 41.01 89.22 38.25 83.33 19.84 81.38 13.22 46.73 99.43 19.77 22.06 76.90 19.73 32.32 36.62 71.03 8.50 70.59 17.65 73.28 30.46 91.31 50.55 40.64 32.26 4.00 84.88 3.12 26.80 54.68 47.34 82.29 65.34 55.47 11.77 85.71 13.53 73.21 36.39 43.25 37.84 68.62 42.30 24.55 92.33 
0.82 73.93 83.99 15.20 83.66 80.49 75.85 62.53 78.57 1.23 45.48 16.99 90.62 30.57 0.05 22.31 27.96 94.55 27.70 69.40 71.70 20.70 60.69 86.96 3.67 76.33 76.17 68.48 73.59 47.96 51.52 53.39 6.61 74.68 78.11 61.27 10.31 87.63 96.90 32.22 22.31 63.92 11.19 18.64 70.29 13.75 28.97 51.84 96.74 3.72 9.03 22.56 51.22 89.70 24.27 28.65 98.92 90.20 75.38 87.89 56.24 95.31 53.10 5.90 
28.32 58.17 18.87 53.19 86.07 28.69 29.26 50.57 26.82 63.72 41.22 92.29 55.11 88.00 73.07 34.49 27.34 54.52 18.99 8.70 21.97 91.44 29.60 51.33 62.51 36.15 74.38 35.69 38.72 98.81 66.75 49.28 67.55 9.25 91.34 74.70 96.26 67.14 61.79 63.81 12.83 30.60 86.24 28.10 80.34 56.26 54.33 46.74 21.15 8.23 67.67 52.05 48.74 76.72 82.49 71.94 98.02 0.31 51.58 33.21 51.53 75.97 65.92 82.27 
85.55 79.44 77.59 17.10 22.44 6.19 69.10 82.55 92.77 31.10 42.04 95.79 88.21 94.22 86.51 96.49 99.99 85.91 63.07 57.15 19.24 69.64 62.13 9.88 98.50 37.33 19.99 41.12 32.64 4.45 43.64 75.20 11.44 25.50 64.60 76.18 78.49 47.66 71.00 67.82 18.07 9.45 24.84 11.14 1.77 96.34 41.97 97.57 27.35 77.38 69.18 27.53 48.62 66.25 1.41 10.80 88.94 46.38 21.09 22.35 33.52 71.27 82.81 78.37 
85.20 34.55 97.12 97.99 63.22 91.28 81.39 29.10 62.50 32.69 77.42 58.20 13.45 83.12 86.23 43.03 76.08 18.88 38.48 92.59 56.89 5.02 40.18 75.45 9.87 84.38 76.03 72.36 80.93 11.17 79.30 16.59 59.28 41.64 95.30 32.70 17.59 66.61 77.78 35.55 85.40 22.59 96.25 99.90 21.57 17.39 21.63 88.29 86.33 73.19 18.68 4.50 33.02 90.74 8.27 17.87 63.43 84.49 77.70 31.70 26.09 60.62 52.41 85.49 
32.24 93.58 39.93 48.48 97.07 80.76 47.44 97.41 81.73 67.14 58.56 95.67 39.62 25.36 92.83 87.31 80.27 71.71 18.00 43.80 94.80 16.69 71.33 85.55 87.72 96.20 47.65 82.58 28.06 18.32 19.82 73.03 52.27 33.59 2.98 20.82 55.20 15.45 37.55 41.77 93.55 30.16 0.42 17.26 53.38 53.48 80.01 43.11 87.60 66.25 11.64 92.93 67.84 48.36 88.16 43.37 22.82 95.67 68.64 6.77 4.54 60.54 30.14 83.68 
8.41 82.17 84.58 72.27 66.97 37.60 44.65 33.82 24.73 7.39 48.62 66.57 75.38 93.74 10.18 61.66 62.45 29.42 82.33 46.72 13.56 10.56 44.28 1.49 34.42 76.62 42.98 38.29 1.59 51.67 98.78 42.08 74.11 7.30 35.47 86.52 47.38 72.93 26.05 91.22 70.72 89.39 81.87 20.20 88.67 81.73 56.43 39.97 63.10 87.21 91.04 54.56 92.02 57.79 35.26 61.86 92.57 28.33 32.48 38.17 4.50 39.87 58.40 57.58 
75.10 16.58 79.75 46.58 30.04 4.62 52.15 0.79 68.55 34.75 99.98 50.03 24.25 36.66 98.62 28.41 53.04 9.91 5.80 55.04 75.89 66.15 55.44 32.43 60.04 28.46 30.84 63.69 55.17 15.79 31.91 13.87 24.11 48.84 64.35 94.86 1.62 56.63 84.23 77.52 29.94 68.76 9.77 34.89 78.63 8.93 64.64 67.30 72.02 20.44 66.71 88.15 32.00 39.15 38.02 18.84 87.51 27.88 97.28 77.70 87.45 72.78 21.73 29.57 
15.25 2.15 73.00 39.88 20.08 64.73 26.65 81.34 95.96 18.00 63.03 11.59 87.83 38.85 88.72 23.49 28.70 95.88 3.00 81.88 97.32 63.24 20.36 95.86 55.45 38.99 79.62 46.82 67.51 87.29 79.34 49.72 29.79 59.54 40.32 4.10 66.02 79.57 38.93 20.87 64.24 44.67 87.02 69.55 33.04 13.23 57.06 67.23 34.75 72.42 57.25 60.93 5.28 8.23 36.99 98.31 97.25 4.30 97.72 48.41 39.55 16.99 82.85 51.74 
35.79 91.42 0.96 62.64 42.97 57.25 96.80 28.16 7.81 88.22 52.73 49.47 0.20 20.13 5.93 30.91 60.61 55.87 63.84 55.83 24.32 54.26 70.03 38.13 38.09 14.70 75.78 9.28 37.63 86.00 66.84 17.93 45.53 2.56 51.43 75.72 63.31 92.82 90.54 0.94 90.80 82.88 93.60 27.65 75.39 81.41 25.62 29.58 43.03 27.27 63.46 53.84 38.59 92.58 72.77 49.27 21.50 65.77 71.72 33.39 33.40 3.68 49.89 60.53 
86.00 27.61 23.70 94.20 94.16 43.55 65.92 14.32 47.55 58.59 52.89 99.99 8.57 87.40 90.26 11.35 39.24 8.15 12.98 26.32 69.06 7.71 26.69 1.27 91.82 77.10 16.18 2.88 55.95 70.54 41.59 60.19 7.24 29.27 23.15 63.62 80.64 31.63 12.24 16.67 21.57 1.85 21.68 63.69 6.01 19.21 61.25 89.85 41.23 48.73 97.26 86.81 26.44 3.87 99.23 11.99 18.93 72.20 67.45 32.49 81.90 45.07 21.52 81.29 
57.27 18.57 47.49 21.25 47.14 28.81 42.18 3.48 83.91 11.55 67.75 45.04 58.36 9.35 16.48 31.50 57.72 53.67 73.25 21.34 76.65 34.33 31.75 86.19 15.64 15.69 91.78 71.72 71.09 48.42 66.97 7.58 5.75 84.62 16.44 1.22 92.40 11.56 59.60 32.81 57.84 30.57 22.93 58.40 80.05 98.46 7.22 75.01 98.10 77.07 11.08 78.22 10.36 36.16 15.73 62.39 23.13 92.05 82.56 11.63 28.91 14.15 63.56 53.49 
89.74 31.42 74.49 82.12 33.44 8.76 86.83 51.01 40.99 36.99 51.87 49.74 32.85 80.34 24.83 23.70 65.25 36.84 81.65 64.27 77.78 7.43 87.44 80.49 67.18 73.89 29.22 25.94 80.84 68.61 26.23 90.76 98.67 52.71 44.43 82.54 84.81 91.92 69.01 76.23 36.41 93.73 93.48 78.42 23.07 41.61 28.26 66.73 9.89 93.09 71.85 79.99 28.42 60.12 90.65 82.34 86.32 1.08 48.66 8.97 82.69 58.36 80.07 68.42 
