68 39 92 35 35 74 32 77 79 99 32 5 77 39 5 92 55 78 27 68 66 53 83 31 86 86 84 38 40 39 19 37 37 86 69 91 14 50 71 41 14 54 17 89 44 44 78 33 18 88 12 90 52 35 85 36 35 35 53 38 28 79 89 49 17 25 97 43 29 16 17 89 59 30 7 30 14 20 1 34 35 26 17 20 87 79 51 19 15 87 65 49 54 28 7 9 47 11 15 4 77 97 95 16 98 21 37 47 47 37 11 45 4 50 39 26 11 91 83 64 21 74 2 59 18 96 89 48 
49 98 96 77 48 60 58 25 28 35 30 22 78 55 84 80 92 13 77 25 72 86 60 85 31 32 29 19 82 38 67 79 22 50 32 92 25 0 2 84 76 49 54 17 67 23 3 57 33 89 32 38 24 14 79 21 29 94 98 14 13 95 80 97 72 0 61 72 43 17 6 71 23 4 27 62 84 85 39 78 27 66 7 51 84 28 36 20 37 66 12 3 22 17 11 2 43 44 21 48 98 80 10 96 44 25 51 61 39 65 55 97 57 56 16 50 85 36 95 89 14 16 96 21 17 10 85 54 
15 85 19 29 52 84 71 60 15 76 37 87 25 0 18 92 63 60 34 94 35 45 56 29 50 53 35 47 20 29 59 5 25 68 73 73 94 57 40 13 29 91 41 77 96 68 32 14 80 19 99 38 81 43 25 42 84 94 84 45 27 7 33 35 47 86 50 10 27 32 12 50 27 36 71 26 54 95 26 56 78 67 55 44 6 22 26 18 90 56 19 20 15 5 43 82 31 68 3 44 51 54 53 2 60 26 55 87 63 68 15 69 9 2 47 11 36 20 15 0 32 48 54 56 97 84 12 19 
46 17 83 99 4 19 40 66 98 13 48 22 35 58 6 87 61 36 69 67 79 13 29 16 13 88 41 42 61 66 62 82 25 55 84 93 41 69 14 99 72 63 20 94 57 60 66 84 25 25 47 55 34 7 51 84 42 47 7 80 73 66 38 4 49 42 29 68 89 4 9 71 95 51 67 91 81 2 32 60 41 29 99 24 12 80 90 27 98 80 79 64 0 35 82 87 55 25 24 99 83 83 29 48 57 59 28 9 23 87 26 23 11 99 72 97 75 45 47 34 9 45 93 61 88 29 48 64 
25 43 23 59 88 23 40 1 57 8 94 75 97 35 71 5 42 37 5 99 74 20 31 36 74 51 78 26 77 34 86 69 70 50 31 90 93 64 70 65 75 22 96 25 89 98 99 28 16 37 30 75 45 44 64 94 28 97 85 8 5 27 40 67 55 53 77 6 8 17 41 74 98 82 44 26 45 6 22 36 27 57 27 46 92 46 67 87 82 74 45 77 1 84 15 76 92 80 46 49 63 92 60 51 48 59 69 61 39 97 74 2 29 64 56 18 26 81 14 71 11 26 80 55 55 5 61 88 
71 60 41 75 82 7 58 71 32 38 8 84 47 49 22 14 83 84 75 24 51 67 84 66 82 9 63 0 11 33 17 3 12 15 83 31 62 37 52 83 39 88 69 75 14 98 76 41 53 18 4 18 24 33 9 28 83 46 75 76 19 18 31 98 84 59 74 5 35 49 4 17 81 4 58 26 74 70 66 40 7 44 46 85 66 81 69 59 44 20 98 43 94 11 93 13 49 79 5 14 29 22 8 96 76 24 39 87 6 91 70 76 48 50 24 4 24 40 88 58 11 49 56 84 12 31 71 77 
48 31 40 14 24 52 55 55 65 30 19 99 60 84 44 16 86 21 38 35 89 16 26 61 72 40 37 56 14 80 50 13 94 39 41 75 34 81 78 59 13 72 75 28 37 22 32 50 88 82 94 33 64 26 15 3 51 7 1 27 64 62 39 63 89 59 34 4 19 4 9 58 84 57 95 96 4 79 29 84 44 53 19 4 63 88 76 52 17 33 94 84 9 64 8 23 63 71 71 48 34 21 61 65 0 45 57 94 88 90 28 51 44 62 25 5 19 35 21 10 86 93 5 76 80 55 90 61 
86 9 38 79 27 53 71 20 91 14 8 8 29 94 41 7 93 40 11 96 29 74 47 94 93 31 51 82 34 32 99 58 24 41 93 65 48 6 80 29 37 0 2 84 96 59 67 19 97 1 23 51 38 23 63 79 27 47 58 10 37 49 49 24 65 18 99 19 97 42 49 26 27 49 68 14 57 43 64 91 34 91 83 60 66 62 33 9 51 6 45 68 41 76 40 87 35 16 32 29 39 89 92 45 87 45 65 84 7 67 86 42 3 62 94 28 29 78 14 92 78 88 53 57 47 51 24 2 
47 74 39 97 10 13 35 98 43 98 0 20 81 18 28 82 51 33 84 2 92 36 66 78 76 58 85 85 43 60 18 82 45 27 38 75 78 90 39 80 88 88 99 35 71 87 88 63 32 37 97 44 17 82 36 22 20 12 23 19 76 7 21 48 18 60 76 93 75 17 48 48 18 96 68 43 96 90 7 40 97 66 87 75 22 62 68 2 66 13 8 83 37 44 83 64 77 40 84 4 70 63 85 38 96 86 89 32 67 50 11 15 27 64 92 77 24 50 39 57 70 42 85 10 49 5 59 76 
27 6 59 86 56 14 79 77 2 58 31 27 34 42 26 93 23 32 67 22 34 68 98 14 11 90 65 33 15 57 70 58 16 9 51 49 29 98 26 55 25 17 58 52 43 71 70 37 31 29 85 44 98 11 73 34 51 60 61 57 84 70 88 23 1 25 42 33 92 12 44 11 95 94 39 22 12 23 20 94 6 63 80 95 54 78 35 49 45 80 8 92 41 63 58 2 65 57 88 53 54 44 40 23 74 55 43 79 33 35 89 78 38 14 86 13 92 1 58 69 63 65 49 44 2 50 53 21 
57 89 50 88 1 49 2 79 16 2 87 1 46 95 81 47 61 83 39 33 19 34 36 11 50 21 56 20 30 73 58 92 62 10 76 87 4 24 52 39 5 53 59 29 60 6 36 71 66 10 83 98 93 89 70 12 4 87 73 11 11 64 64 46 6 76 20 28 63 40 71 75 85 2 32 37 98 12 44 17 36 92 6 1 95 21 82 50 76 63 7 46 4 79 73 13 89 43 6 76 95 96 57 3 17 93 80 7 65 74 67 94 62 14 35 78 96 78 57 95 2 46 36 58 34 7 92 0 
27 29 38 64 54 68 81 44 40 86 87 16 68 35 3 55 80 28 92 1 80 13 0 75 36 97 53 32 55 37 61 41 19 2 60 24 35 16 3 50 75 45 14 57 57 67 2 63 58 43 29 59 10 10 45 26 77 89 41 45 73 4 10 18 8 22 54 91 65 60 52 72 64 36 35 35 87 34 13 50 30 87 90 50 95 42 1 15 88 35 15 40 80 64 28 39 14 60 83 26 58 20 96 57 30 62 72 30 16 10 13 62 1 20 13 52 51 18 9 84 72 64 32 5 51 82 44 41 
10 68 80 7 36 45 36 45 81 94 71 86 26 78 89 44 10 91 17 78 0 62 48 60 20 89 62 63 63 27 83 62 34 67 50 64 63 93 34 60 24 90 83 39 30 16 87 91 37 39 41 17 50 71 71 17 64 22 49 18 10 53 39 76 58 28 96 99 14 87 20 24 18 15 71 37 35 39 57 95 74 39 24 48 0 2 33 55 12 76 26 11 84 12 92 35 14 44 74 80 82 50 58 13 86 41 65 75 88 59 66 30 36 15 55 8 81 48 48 11 84 53 77 43 49 90 57 92 
23 10 78 23 7 5 36 99 89 2 89 44 37 39 33 27 67 25 90 95 94 19 94 29 39 16 42 55 41 25 43 42 46 76 92 50 55 46 77 57 81 81 53 21 81 93 93 56 98 29 14 6 0 23 57 80 15 14 51 6 5 33 91 3 88 34 8 69 95 70 18 77 14 93 50 64 8 68 3 79 74 57 60 39 21 36 79 84 24 31 96 40 47 65 24 7 69 41 80 34 50 43 66 17 66 57 3 90 37 40 94 19 18 74 84 11 3 22 44 59 89 5 24 72 18 2 40 60 
27 9 63 62 50 88 34 6 79 81 26 28 40 54 22 78 16 3 67 94 50 83 14 17 55 12 54 4 26 4 74 72 32 80 35 19 3 51 39 19 14 68 64 17 92 17 82 1 56 16 4 25 36 2 47 50 18 78 18 45 97 30 79 19 52 26 62 49 48 15 56 61 0 36 65 68 90 67 57 71 29 70 38 15 8 75 65 73 80 19 47 62 44 36 40 8 16 29 14 77 63 78 7 76 11 54 92 54 80 18 98 91 43 79 93 56 3 42 91 49 99 29 41 22 25 2 40 85 
14 12 84 58 31 28 53 61 95 52 54 69 97 9 44 19 58 63 92 4 76 17 6 90 1 13 17 15 36 23 68 50 91 79 66 25 30 17 96 5 36 9 59 39 62 67 50 31 34 50 86 58 22 76 96 34 50 87 91 66 39 44 70 28 42 8 56 86 60 32 1 79 65 32 14 70 60 45 69 5 45 22 6 56 42 28 16 91 11 4 55 42 56 68 43 49 95 96 49 87 38 10 30 21 85 1 49 92 91 90 0 35 0 56 16 26 74 43 44 42 66 9 35 84 90 86 99 88 
13 30 36 59 36 14 67 73 57 70 84 54 4 25 51 48 22 63 41 66 58 70 21 89 86 80 64 77 94 29 73 25 59 65 18 63 61 86 46 6 86 73 42 20 36 48 2 24 97 60 54 28 74 6 27 26 74 82 25 74 85 83 86 69 21 16 51 35 81 46 79 24 49 52 1 68 21 64 91 28 81 27 15 40 34 62 75 95 84 54 7 18 46 17 86 19 82 67 52 72 83 80 62 42 14 34 33 67 88 43 53 56 61 31 16 1 72 40 60 88 29 26 98 31 11 83 1 95 
98 68 37 24 85 98 12 71 78 98 49 53 80 37 53 80 27 48 71 1 47 55 94 43 88 2 18 96 15 82 74 88 73 46 12 56 65 99 43 30 13 38 46 1 23 49 63 50 42 91 93 81 39 86 7 11 56 85 96 18 24 16 96 75 79 29 75 89 15 70 73 52 89 89 46 46 39 13 87 43 93 43 19 95 4 62 98 5 71 54 33 77 39 2 70 42 21 18 26 42 19 9 32 10 4 48 65 29 25 81 55 37 44 31 86 51 19 17 74 88 67 1 41 95 75 20 45 64 
63 60 97 99 24 97 70 25 68 95 76 14 65 59 63 32 62 19 81 65 28 22 83 84 21 46 69 27 27 5 76 5 26 27 75 80 77 70 85 0 86 88 65 69 43 34 95 7 33 81 3 71 52 13 88 89 6 92 98 42 28 26 23 84 0 57 29 25 0 21 14 27 68 66 57 3 30 1 64 99 14 17 27 29 44 88 53 43 44 35 79 87 49 61 21 64 55 61 80 86 88 67 83 84 78 36 84 87 10 33 12 20 70 51 48 84 1 39 77 54 13 92 87 73 28 51 17 9 
74 8 12 67 34 87 99 17 36 47 33 67 92 75 0 83 3 45 45 96 68 87 49 52 59 85 80 7 47 26 77 23 53 12 48 4 54 23 91 78 53 1 95 15 20 90 88 60 85 89 10 41 0 27 56 22 9 81 57 79 32 43 89 4 50 25 33 51 8 37 17 52 13 32 85 73 81 92 91 82 84 40 42 79 57 80 58 89 57 80 93 79 42 89 77 2 31 5 66 61 61 25 7 23 12 33 71 62 20 41 66 90 50 84 9 65 8 63 82 40 44 73 23 73 39 60 54 89 
19 67 59 38 1 17 37 0 43 74 77 1 65 36 75 59 99 59 15 55 12 89 7 5 36 63 65 26 16 73 53 32 78 39 65 68 51 77 88 62 45 90 72 41 88 51 65 95 36 26 53 46 42 66 11 7 37 21 70 43 49 13 28 57 86 43 35 64 49 42 94 18 42 42 70 77 67 67 24 79 58 64 61 77 58 21 35 83 2 52 85 82 18 17 8 39 93 37 45 44 20 66 23 92 40 54 31 58 38 18 57 18 56 80 89 37 40 83 71 1 21 79 25 33 98 61 83 11 
46 21 98 99 60 40 4 92 8 73 42 82 18 21 37 42 13 45 38 4 52 4 68 2 46 19 90 58 51 27 77 89 77 80 67 23 59 4 20 1 71 76 61 94 81 83 22 22 70 36 23 58 62 37 40 68 5 40 89 4 62 26 26 22 25 37 58 72 27 65 97 8 30 54 77 36 33 45 56 76 68 4 40 92 32 83 54 20 2 1 81 43 20 10 47 33 83 83 65 35 87 30 32 25 11 52 98 49 95 29 63 61 48 11 48 41 26 9 90 15 33 55 54 89 64 76 62 15 
36 52 7 75 77 43 4 92 18 85 43 4 94 19 40 31 88 97 94 33 88 0 44 82 98 49 72 72 29 64 93 90 17 78 28 19 92 14 45 55 57 52 26 91 52 5 92 71 34 18 46 34 88 76 27 15 5 71 6 49 72 20 2 88 26 80 46 92 17 76 42 93 85 52 99 49 21 43 8 35 81 94 24 74 93 28 86 75 24 77 35 69 52 23 22 81 18 35 27 11 16 2 65 70 52 99 66 14 3 45 85 76 33 25 30 56 61 54 23 72 84 25 55 96 36 24 13 63 
20 81 34 90 10 1 18 75 22 89 26 15 0 98 64 47 90 57 39 38 19 82 28 26 82 45 84 54 52 86 35 62 87 46 15 48 78 2 43 35 31 93 82 9 55 24 98 82 31 73 85 38 0 35 83 4 76 85 47 47 60 5 63 46 59 54 23 36 69 85 70 67 43 71 87 40 16 8 7 51 42 92 62 94 91 69 32 68 53 5 76 54 99 26 16 70 19 78 69 43 83 24 51 29 46 13 22 50 27 23 25 19 73 84 22 22 80 79 77 45 36 98 70 90 54 62 7 53 
6 41 60 95 47 63 75 4 92 87 43 3 55 49 85 22 23 50 62 48 19 91 14 60 60 59 59 90 18 82 5 10 43 56 97 95 13 4 17 53 29 25 28 0 10 26 87 83 15 81 13 88 66 52 44 39 73 90 73 98 59 34 63 53 8 89 95 27 30 14 49 93 58 17 84 95 57 27 2 41 88 90 67 66 62 53 94 87 97 38 12 53 76 7 47 19 71 39 7 42 77 34 85 78 60 7 63 79 71 57 75 29 84 41 72 34 55 6 49 50 6 85 27 51 32 46 2 7 
20 29 8 56 81 93 38 88 42 22 46 57 80 15 30 23 77 52 49 71 42 65 10 79 57 16 72 74 89 76 1 47 38 72 88 38 3 96 94 9 49 59 88 26 56 37 5 41 22 47 72 54 53 50 45 65 2 41 27 48 79 29 16 84 17 26 47 62 19 69 72 36 39 75 80 52 51 64 98 54 3 18 36 1 22 25 33 84 38 22 73 43 77 6 90 73 32 62 3 50 59 65 28 46 31 55 64 26 0 88 12 80 68 34 29 34 47 77 71 53 21 39 25 84 62 30 55 33 
82 93 99 20 66 49 85 53 57 23 48 99 62 57 5 31 96 55 70 40 70 70 69 96 67 33 17 48 59 96 52 39 61 68 11 27 31 63 90 22 31 92 19 64 29 75 97 84 74 72 3 56 22 70 27 65 92 20 38 89 24 31 10 90 32 17 87 19 7 69 26 57 82 72 22 29 11 0 7 49 34 52 99 70 97 44 60 33 51 15 38 69 72 81 75 28 55 25 34 70 26 14 79 81 83 60 24 10 34 26 33 74 15 23 67 5 74 72 49 94 2 31 58 21 53 97 92 27 
55 44 59 10 44 19 10 55 77 10 4 79 21 22 51 49 99 91 7 15 24 64 13 88 50 33 99 12 64 45 64 20 44 50 60 18 49 66 0 82 7 45 84 14 77 34 97 57 35 38 18 53 62 25 41 80 94 38 9 35 52 27 81 37 20 55 12 99 22 28 39 10 50 69 42 20 45 12 23 3 8 88 48 59 89 2 18 45 87 38 3 36 93 17 30 59 28 64 30 70 59 61 78 55 40 59 25 90 57 39 63 29 33 19 68 50 2 74 27 87 43 49 70 70 9 62 41 49 
24 58 93 48 7 76 44 41 73 14 56 67 62 36 83 31 27 71 0 80 80 69 33 55 72 20 65 58 6 32 82 3 27 59 98 82 20 45 55 77 55 16 42 26 38 48 1 11 60 25 64 93 84 36 16 37 82 67 64 77 54 54 14 68 41 17 58 27 97 60 65 82 73 39 62 57 38 74 18 66 45 42 33 72 56 56 28 49 42 62 98 29 59 67 78 8 11 30 47 52 38 93 5 22 72 39 87 20 67 73 43 97 10 21 4 56 2 79 26 86 57 33 48 17 50 87 40 58 
10 58 75 58 4 62 15 79 55 75 98 3 25 66 62 41 4 91 80 4 89 15 44 43 4 46 84 69 17 79 91 87 11 84 35 86 62 63 23 52 94 76 77 89 63 93 64 30 2 44 71 15 0 15 2 84 51 88 28 70 45 78 73 57 25 15 0 88 8 73 65 34 96 0 3 59 83 85 72 49 70 88 0 88 32 24 36 86 45 99 62 82 51 29 34 72 79 54 32 10 2 57 93 87 24 67 2 55 4 23 6 23 75 42 25 93 28 23 99 31 25 30 72 41 55 99 85 74 
79 42 96 64 97 25 80 16 81 22 73 47 20 13 93 91 61 87 84 83 32 26 3 13 9 70 78 28 63 0 84 93 53 56 43 72 31 82 54 94 80 88 60 65 39 41 62 58 3 27 46 84 59 58 77 27 50 77 72 39 40 68 89 53 0 61 70 20 16 55 92 32 55 59 89 99 57 40 26 35 24 15 98 32 6 71 69 27 82 10 18 88 95 54 59 19 24 27 15 62 64 63 24 67 57 85 68 69 1 21 25 85 23 73 26 81 44 87 23 99 93 20 45 49 90 7 52 29 
27 57 49 25 14 81 18 48 91 55 75 4 36 35 48 50 72 67 25 34 65 33 75 19 64 69 78 72 9 42 97 58 75 62 44 22 40 56 60 81 84 57 93 40 5 46 22 1 10 7 8 22 36 16 73 39 13 5 56 63 91 15 56 49 74 42 49 12 44 76 83 1 99 99 87 74 85 34 83 70 25 84 65 27 78 43 44 49 18 89 22 94 84 61 23 76 67 71 43 54 81 92 1 23 41 73 48 42 7 61 26 73 89 9 85 99 42 12 65 34 32 8 66 97 69 36 7 42 
42 28 10 92 61 58 30 59 76 96 52 23 32 3 48 31 35 67 49 66 44 1 92 22 79 20 68 28 97 97 2 79 43 18 3 78 29 64 62 59 32 43 76 76 25 80 74 27 88 36 4 62 14 7 26 49 43 87 53 88 93 83 21 63 40 17 65 2 79 78 26 83 36 52 85 77 82 33 76 58 69 67 25 54 31 66 68 24 93 40 4 65 5 52 91 64 82 89 16 55 96 0 95 31 97 69 63 40 17 6 48 99 72 3 57 27 65 98 88 38 89 7 27 90 34 50 67 59 
51 2 47 87 85 22 51 93 45 67 66 22 36 92 0 12 80 37 3 12 16 83 68 87 51 29 48 75 64 59 48 22 40 85 39 63 56 49 5 67 96 66 10 29 72 54 30 44 7 93 75 53 20 70 66 98 91 75 36 30 16 18 43 74 96 30 96 35 14 41 63 98 22 58 47 37 36 9 29 63 43 48 85 60 61 18 75 85 8 85 69 16 35 96 75 10 43 21 76 83 54 47 25 25 46 95 49 90 10 54 24 98 27 6 86 90 64 8 24 1 86 35 35 28 47 81 51 19 
13 48 30 65 14 36 17 52 81 38 58 71 69 33 59 14 39 26 19 39 68 26 62 3 14 62 93 94 0 99 87 53 70 62 96 0 91 76 3 13 35 79 9 34 51 43 76 49 90 10 48 88 77 16 57 36 84 48 88 66 30 72 39 57 59 77 12 45 0 39 47 33 98 75 4 10 8 24 49 12 9 97 57 49 31 48 42 5 17 91 21 39 63 97 22 20 56 53 38 97 27 54 53 2 78 73 46 93 75 11 5 24 82 35 67 89 63 2 25 34 47 60 47 39 62 57 30 66 
22 60 29 92 94 30 28 21 58 97 70 11 25 64 13 68 17 57 54 77 58 75 70 33 27 11 35 2 52 20 58 32 83 56 17 18 29 49 80 31 60 34 95 47 96 61 18 36 45 65 24 4 47 74 20 37 15 94 3 13 10 72 11 56 86 74 99 22 12 21 19 70 95 6 7 74 94 16 2 74 71 64 77 89 78 30 95 56 61 51 78 60 59 0 5 11 74 61 59 28 26 32 28 26 64 73 94 48 3 79 82 42 6 15 16 11 73 27 10 31 36 80 87 29 66 18 14 19 
20 78 98 47 49 82 83 42 96 74 39 67 50 47 52 41 50 7 55 15 10 66 57 40 66 23 57 56 61 87 83 24 22 59 8 93 10 89 4 57 86 4 87 34 7 48 4 6 36 91 8 23 62 19 76 84 56 53 3 0 72 26 78 2 36 58 60 56 84 83 3 53 62 17 57 82 22 42 22 25 17 58 49 17 76 4 26 73 31 9 15 0 4 45 61 39 33 28 26 27 12 36 93 46 26 82 24 87 45 31 49 86 63 58 76 30 8 59 7 0 70 86 31 49 78 17 43 32 
66 47 89 3 40 76 87 3 86 8 92 22 7 62 44 1 27 86 80 17 54 53 90 97 4 57 31 86 4 80 76 8 2 84 91 15 82 45 6 32 10 99 85 4 26 87 29 38 26 1 7 77 49 28 26 81 75 81 22 43 62 55 0 63 68 92 44 20 61 26 3 15 49 12 8 85 44 87 82 88 50 94 4 90 32 60 55 59 69 60 70 2 70 67 69 20 79 30 46 28 49 64 99 38 48 43 6 77 19 96 25 15 9 68 29 84 96 51 78 49 33 69 38 73 6 66 86 83 
40 38 31 89 82 11 83 23 98 57 14 10 89 50 1 25 53 0 35 15 86 8 24 59 10 77 99 35 81 34 19 92 16 69 56 17 42 58 50 83 82 56 51 7 97 86 73 43 71 94 21 99 64 10 39 79 33 73 66 69 61 80 55 37 1 67 17 77 12 83 19 36 96 78 6 21 14 44 92 46 44 95 90 71 91 32 52 0 15 71 85 67 78 11 50 34 37 48 62 86 29 54 3 92 28 63 71 52 60 95 85 63 6 86 49 65 94 34 15 72 98 88 56 3 97 49 60 96 
91 60 48 31 19 12 66 98 6 64 91 75 78 61 90 69 61 50 79 26 47 58 73 59 95 50 80 95 72 89 94 28 74 5 88 95 39 0 72 2 73 79 87 38 55 41 75 75 54 9 69 90 21 57 9 54 27 97 82 63 10 54 60 13 26 15 66 88 39 26 18 60 24 79 23 86 10 74 37 83 76 5 30 23 96 94 77 41 59 74 85 57 57 88 2 95 64 19 43 82 27 94 65 41 45 50 85 77 28 77 99 40 89 29 44 25 65 16 40 21 46 64 3 28 74 30 71 62 
54 89 26 9 9 41 73 93 5 54 82 92 57 84 0 91 38 10 31 94 11 63 16 47 65 58 19 31 11 88 67 70 33 93 58 0 81 21 48 32 41 86 47 91 15 35 51 72 66 97 93 95 38 88 29 11 92 87 46 56 11 7 35 75 1 55 61 29 25 16 90 20 9 90 79 17 36 18 29 12 5 16 29 94 38 88 98 59 58 95 37 69 64 58 44 91 72 1 56 14 32 80 70 74 24 97 27 58 31 91 4 47 94 18 18 26 80 59 22 69 57 14 51 12 76 28 61 51 
80 12 48 56 10 26 20 11 65 29 81 1 7 12 96 2 94 19 72 56 21 25 51 48 98 85 80 34 65 97 11 93 19 20 81 83 12 35 31 62 16 68 76 78 23 83 23 25 79 35 72 13 77 51 69 97 83 8 54 14 85 15 54 71 20 13 76 50 52 87 56 11 46 76 10 45 94 63 15 73 61 13 55 13 69 37 49 92 92 42 77 86 9 18 92 66 19 10 50 85 95 92 29 10 65 98 7 20 36 46 36 5 88 67 63 31 25 8 74 9 8 82 7 67 12 3 32 7 
15 52 53 75 39 36 6 75 25 53 11 33 21 17 59 40 57 12 48 10 37 84 2 58 17 6 26 21 71 99 92 27 76 93 48 4 7 14 13 56 2 59 68 70 74 5 94 31 92 39 80 25 45 38 11 91 72 24 10 11 29 97 41 43 25 63 13 81 60 36 14 48 59 51 93 49 14 67 31 37 30 28 44 52 12 95 39 98 56 15 24 93 95 44 51 33 1 89 40 43 91 4 36 23 74 48 98 7 49 92 26 23 47 50 28 9 93 85 56 15 95 56 96 90 88 69 64 82 
90 61 99 81 41 98 87 53 74 4 54 96 96 35 31 95 16 21 91 31 24 58 9 89 76 9 57 43 1 4 34 68 45 99 46 51 24 43 91 83 57 6 99 68 79 64 68 76 15 36 44 19 44 41 41 83 42 77 62 11 80 55 45 83 68 89 6 44 84 20 31 22 10 81 6 27 93 19 22 2 49 72 61 52 69 53 36 20 29 99 51 12 81 5 42 93 78 41 85 40 67 43 22 60 93 72 20 73 30 57 39 76 30 60 59 20 30 92 80 3 95 50 85 85 91 5 89 91 
99 72 1 25 36 75 15 28 4 41 27 2 74 37 81 30 99 79 57 74 24 76 12 72 82 75 85 1 11 86 53 15 22 67 66 47 96 22 50 65 15 24 23 56 26 55 94 34 28 78 5 47 71 15 19 11 40 57 3 20 27 96 92 30 86 61 11 40 32 32 49 90 84 33 75 7 23 72 71 17 40 71 80 26 89 42 8 75 14 47 25 2 70 82 11 78 3 74 73 47 64 76 43 79 63 27 36 24 29 98 55 34 41 12 21 55 40 35 55 84 64 61 46 68 57 0 16 83 
24 19 6 32 56 16 89 16 52 74 55 64 81 43 31 58 30 76 52 70 3 90 10 71 32 76 74 60 96 71 77 36 28 60 92 96 55 11 85 48 19 82 64 72 85 74 41 69 48 6 44 75 76 23 21 81 69 75 57 57 90 23 60 28 86 97 63 0 34 67 97 79 77 89 96 51 1 41 45 44 35 63 47 37 92 77 13 28 1 15 35 75 8 57 91 43 65 58 21 27 24 60 69 23 21 27 65 89 24 14 62 14 18 24 81 94 45 4 63 41 62 66 50 82 75 37 91 86 
20 19 99 78 25 14 7 77 40 36 84 83 20 90 6 93 99 53 96 82 39 15 93 76 54 36 73 77 55 23 31 3 75 5 20 13 72 13 42 12 76 6 86 96 89 29 25 58 74 56 66 51 80 58 32 6 96 26 61 56 54 83 50 83 13 48 93 84 75 88 29 71 0 55 26 56 84 75 84 7 90 83 42 42 98 56 47 36 25 1 53 18 82 43 8 40 42 87 4 58 13 41 34 78 29 3 84 53 76 12 78 9 20 19 92 77 45 10 40 15 50 5 3 65 49 2 36 7 
45 86 67 55 82 39 14 55 58 38 31 54 70 57 78 44 99 53 17 72 79 84 79 76 5 27 74 32 86 79 69 57 64 42 82 10 43 54 21 88 26 16 43 98 31 37 25 85 35 14 10 65 51 18 48 14 65 67 63 65 62 64 16 90 97 97 92 54 21 62 10 19 32 14 82 10 84 8 39 22 77 11 87 61 59 20 3 5 15 41 49 8 96 0 32 0 79 42 72 47 60 61 49 33 78 51 48 10 84 2 76 92 79 15 6 66 7 59 67 17 10 79 39 93 51 27 78 8 
50 50 22 25 56 41 39 56 73 69 32 85 81 32 34 73 21 51 44 0 41 46 51 67 13 35 67 20 64 20 24 89 52 33 52 91 71 10 41 47 51 22 30 87 82 5 33 18 46 51 0 20 54 24 44 15 9 85 7 32 93 42 16 12 94 97 43 68 13 10 0 5 62 14 69 7 93 30 53 60 24 7 51 76 51 90 84 37 51 28 72 74 73 86 54 31 83 10 56 37 82 72 52 53 59 15 23 73 89 25 81 55 11 63 5 24 33 66 81 94 10 34 24 38 17 65 38 47 
63 66 63 47 71 22 52 40 79 46 36 69 44 70 55 13 67 74 24 31 41 68 9 0 45 55 23 57 39 92 0 36 5 42 51 61 78 21 65 98 14 14 91 49 44 82 19 76 82 10 77 46 90 58 22 44 98 51 70 78 13 56 1 0 90 23 47 36 64 59 49 74 88 60 6 69 79 37 84 0 18 13 65 8 17 13 13 54 87 22 17 4 55 66 35 1 60 55 86 40 19 81 86 45 5 76 96 88 98 36 48 24 1 89 42 11 13 24 88 72 52 57 12 12 18 79 3 35 
99 70 50 34 88 53 33 92 55 80 63 31 1 79 60 79 18 35 90 87 61 7 99 2 33 35 88 82 62 22 51 83 73 34 97 38 75 21 19 13 65 46 32 42 21 70 28 44 91 90 3 54 82 17 84 78 37 87 33 51 86 20 53 66 69 72 40 90 37 29 86 32 9 59 42 16 93 78 28 42 37 9 34 45 35 91 37 98 13 68 80 76 54 72 86 30 4 14 39 94 37 1 10 72 68 17 66 75 29 94 45 38 65 87 5 64 58 26 28 27 60 45 13 42 28 49 2 52 
43 95 11 72 3 15 69 65 58 64 99 82 20 55 9 38 5 51 4 89 77 8 8 79 5 7 55 83 81 42 60 58 25 22 8 69 81 92 22 47 66 1 99 67 12 25 60 72 7 39 90 93 35 61 46 61 89 1 23 36 84 41 88 30 78 36 72 43 28 38 85 50 34 87 84 84 77 60 17 24 46 14 10 32 33 95 21 66 42 0 19 91 79 55 56 97 84 8 80 85 74 85 76 39 31 52 88 0 51 47 31 63 22 78 50 24 74 1 55 96 46 73 40 60 29 27 67 1 
28 4 20 51 49 71 7 96 42 52 62 99 90 80 72 40 58 46 80 64 42 37 61 7 70 16 10 94 64 55 28 20 34 50 33 30 40 4 24 93 93 44 10 59 29 73 4 15 53 87 90 95 46 4 71 75 36 15 55 0 94 21 64 15 44 80 21 76 15 4 97 65 23 70 4 5 49 59 52 66 6 35 69 29 91 38 5 52 16 47 43 47 61 49 2 70 16 50 33 12 98 1 70 65 68 53 62 87 9 9 43 84 22 80 40 67 32 17 77 10 30 4 49 73 49 63 24 22 
40 95 95 51 3 25 82 14 93 61 9 68 3 60 2 96 7 76 60 0 22 30 3 28 1 11 16 21 38 7 4 67 51 95 39 33 98 31 97 19 83 16 83 41 81 71 60 55 84 74 49 18 66 50 94 82 14 87 29 47 94 23 3 73 88 46 84 52 70 47 83 32 96 6 80 17 69 21 76 50 20 91 20 78 15 14 29 97 97 62 94 96 18 74 24 93 87 45 37 15 32 8 13 36 56 48 97 54 92 0 44 77 71 91 15 13 65 98 50 47 35 4 81 57 50 42 30 43 
21 53 42 75 82 36 91 34 73 40 49 17 11 99 48 45 77 12 28 63 47 87 1 36 52 45 81 81 38 67 9 28 2 57 82 47 26 30 95 83 82 29 38 14 20 87 87 54 82 11 11 43 12 37 84 63 77 89 40 66 13 27 53 53 41 63 89 6 89 85 19 24 46 60 15 72 59 2 50 40 67 57 68 66 10 58 24 43 52 58 3 64 23 52 72 62 54 24 97 85 10 21 51 21 86 23 99 98 79 29 63 57 31 95 73 71 55 62 70 72 33 67 56 6 67 97 13 78 
60 74 27 22 73 88 95 1 64 59 43 68 51 49 61 31 16 55 88 39 20 55 31 20 64 93 94 49 19 5 71 42 13 34 17 69 14 34 29 81 80 4 90 75 43 59 19 58 19 29 76 22 77 74 55 50 66 33 34 3 92 96 15 16 58 65 8 2 52 85 2 30 83 31 61 28 19 62 33 47 72 96 87 86 23 84 30 39 68 97 9 11 89 29 60 53 36 67 15 40 62 54 89 71 87 86 72 94 13 13 10 73 51 81 72 5 19 51 2 73 30 13 61 98 77 96 94 88 
10 14 2 7 53 48 39 1 31 71 14 7 13 50 24 50 17 38 78 79 38 47 87 52 96 49 88 70 55 81 19 9 82 32 93 65 44 24 75 10 9 17 3 97 95 62 56 89 39 72 14 34 56 14 59 77 34 43 81 74 22 33 38 12 3 59 79 56 58 61 71 53 15 88 58 98 48 3 5 57 8 68 11 83 46 68 38 83 52 29 29 16 46 85 13 59 37 0 39 43 56 51 40 40 72 51 35 83 76 22 10 67 1 56 86 7 98 41 38 48 81 64 32 60 46 25 28 80 
30 76 58 25 47 79 62 44 41 79 43 9 20 41 88 44 47 37 9 85 55 89 72 35 35 34 7 4 86 3 55 38 37 54 53 40 16 43 40 85 84 82 13 42 89 4 24 43 91 74 58 8 52 21 83 84 24 45 25 53 19 1 95 39 79 46 70 64 12 99 32 69 42 36 79 73 6 49 32 2 52 13 41 48 26 29 17 11 9 39 65 45 17 18 74 74 13 76 61 31 98 88 87 13 58 86 45 38 90 76 95 89 18 51 71 43 18 39 56 70 8 96 47 42 5 52 42 91 
69 57 24 94 47 78 48 3 75 96 4 38 60 5 66 13 48 77 80 33 50 80 27 0 45 22 22 25 1 49 66 41 1 58 74 85 38 3 27 90 81 26 56 82 17 14 98 93 82 18 42 20 81 33 13 78 1 64 13 72 47 80 94 11 56 60 23 62 76 99 65 70 49 32 1 19 60 72 1 94 86 59 60 90 63 8 14 97 53 35 5 48 16 96 43 39 89 0 48 82 83 3 80 25 60 7 4 60 22 81 81 11 65 2 0 67 15 92 88 43 82 54 61 73 82 61 81 19 
66 21 60 35 37 49 53 27 24 56 14 76 15 56 40 98 93 30 71 44 8 18 87 23 24 76 39 11 23 12 34 68 13 39 96 54 36 62 11 58 17 22 77 9 29 86 95 94 74 13 63 0 81 44 11 77 45 34 40 77 52 34 64 57 50 7 83 57 37 83 3 1 70 5 32 42 29 34 18 55 32 1 86 15 62 90 21 43 86 86 24 0 11 39 21 46 61 56 99 77 74 4 17 33 57 36 64 94 78 60 70 9 12 47 69 57 44 66 68 84 68 53 96 70 90 94 83 67 
55 37 7 43 20 88 51 66 73 84 86 48 56 24 78 42 7 2 3 71 75 75 60 51 29 13 26 63 8 88 26 4 7 97 67 58 83 77 45 73 21 46 6 59 90 3 49 38 66 90 2 19 98 67 4 87 7 85 54 61 41 46 34 89 99 22 74 24 87 1 20 99 47 12 51 20 11 16 28 96 79 68 50 26 49 66 37 13 38 60 5 94 93 10 84 22 79 59 50 83 98 34 84 97 84 88 96 63 45 50 63 46 67 20 12 7 99 39 37 84 21 60 50 0 49 41 98 40 
65 16 98 2 72 78 14 76 80 60 9 11 93 8 90 71 24 0 46 14 17 91 56 19 38 3 3 41 98 74 58 71 15 63 56 52 56 54 84 47 84 80 85 9 49 62 3 57 87 30 17 82 35 99 76 97 20 75 7 33 58 25 36 72 42 47 46 2 22 83 44 61 67 28 18 90 5 55 47 64 48 77 49 62 94 5 76 26 4 93 53 51 90 33 9 33 35 98 74 87 38 71 86 94 66 4 38 1 24 68 89 28 62 2 64 73 20 72 96 77 47 61 55 89 87 44 46 35 
65 70 34 70 69 0 77 46 44 80 27 3 38 21 5 75 63 54 25 95 7 20 53 53 52 77 34 62 5 21 5 4 87 52 95 59 52 34 76 65 20 95 16 51 41 6 61 30 91 73 37 73 57 13 67 69 23 34 98 82 14 19 58 93 9 42 96 17 70 44 99 17 7 65 96 75 48 76 12 1 64 95 98 65 30 31 91 67 77 99 71 13 22 49 64 40 44 11 4 55 24 50 0 86 85 83 67 76 59 87 73 3 4 2 54 57 44 89 87 64 65 38 21 55 52 37 31 39 
13 18 72 67 95 49 57 64 14 15 68 17 78 7 78 47 69 32 19 68 4 23 69 7 4 20 8 93 30 57 36 40 1 24 50 46 5 81 47 32 86 91 55 93 90 11 41 64 13 74 47 47 90 90 45 30 41 29 58 41 1 32 57 95 77 67 37 81 56 60 6 50 28 5 61 7 34 21 55 48 74 90 94 25 86 1 46 51 72 38 69 83 73 87 72 68 8 36 88 70 66 3 52 50 42 20 67 73 40 72 64 17 25 78 18 75 71 4 95 1 87 39 33 7 62 80 82 34 
17 83 96 44 99 62 15 72 16 87 24 32 94 70 84 17 61 16 93 71 20 63 75 72 45 17 54 59 88 23 9 69 7 59 90 19 15 95 32 4 88 72 59 24 90 35 51 21 31 3 33 40 90 64 60 14 2 98 79 99 74 92 43 50 46 47 42 57 82 30 65 33 31 10 30 96 61 8 86 99 5 1 60 66 90 56 40 12 71 3 26 49 88 49 3 10 75 72 40 7 57 65 57 52 90 32 5 98 3 33 3 46 37 20 59 75 89 74 55 77 43 52 45 9 53 35 7 59 
74 89 61 51 61 87 24 40 45 33 49 6 29 7 46 38 40 75 42 14 13 80 0 42 36 98 68 16 83 1 6 53 49 65 30 90 91 76 70 97 63 13 25 33 71 47 62 49 65 56 29 80 55 92 97 96 94 74 39 92 79 86 38 66 32 37 58 40 79 73 71 33 73 66 2 50 55 66 19 69 23 59 92 14 95 69 55 59 80 46 13 46 45 50 24 44 61 25 62 79 19 85 88 68 80 56 15 85 48 74 36 59 44 75 35 41 20 52 5 87 41 5 31 5 68 98 42 35 
40 58 64 91 49 99 44 66 77 7 81 39 54 33 24 58 21 39 13 49 24 77 17 54 49 82 75 79 12 28 79 25 72 46 52 29 89 47 18 40 59 18 54 5 60 91 62 16 33 60 16 30 6 14 52 87 13 71 49 67 25 72 35 37 71 20 7 42 89 65 18 56 98 29 17 2 11 69 57 34 2 89 20 19 46 42 78 40 15 77 92 22 23 82 41 32 14 27 16 88 16 21 73 53 20 19 76 8 89 92 25 33 30 4 95 69 66 24 89 90 44 6 67 34 22 0 88 49 
42 87 6 22 28 89 57 47 92 10 75 76 9 72 4 75 7 4 10 77 73 50 73 86 52 39 57 49 11 11 30 94 21 62 47 55 76 71 22 13 26 37 91 3 20 44 92 9 41 55 26 48 18 40 24 37 92 64 80 63 45 15 68 19 94 46 77 91 97 34 34 39 66 51 15 78 47 51 71 52 98 51 68 56 25 31 53 45 24 29 40 89 8 55 17 79 35 40 94 89 50 22 27 41 32 21 58 5 26 51 46 36 61 4 16 13 86 24 38 25 63 28 94 89 68 21 82 97 
91 87 53 12 2 27 15 0 48 3 73 49 99 1 71 41 54 48 65 33 40 88 49 45 95 46 67 61 44 86 32 25 49 38 92 76 28 88 71 35 49 20 27 90 96 25 27 82 72 16 79 26 14 79 17 13 33 34 92 54 39 75 97 38 36 45 0 87 40 15 35 67 74 76 99 97 5 7 51 74 66 78 72 88 42 91 14 5 25 90 29 31 75 43 17 24 2 87 96 29 29 72 87 85 95 54 76 75 84 28 82 99 80 2 73 3 56 93 51 10 86 56 73 92 6 80 5 52 
41 31 53 62 76 2 69 80 55 65 74 83 35 95 98 87 34 69 57 20 86 67 98 74 72 47 65 80 68 1 70 95 29 74 1 92 21 40 72 15 91 21 52 25 10 87 85 29 49 94 54 43 5 80 14 46 91 90 41 63 19 90 65 11 74 79 94 18 21 37 15 23 58 40 34 30 24 62 7 80 50 31 14 31 53 66 97 79 31 77 22 29 23 95 73 13 11 15 78 66 98 65 56 9 20 52 8 68 81 22 7 54 66 47 71 40 88 74 73 35 18 42 38 26 86 24 4 75 
25 74 25 98 47 44 39 10 92 21 56 82 22 85 92 71 99 70 36 25 68 15 13 18 11 46 18 98 84 22 20 39 68 67 93 9 11 76 27 90 2 43 14 6 28 0 44 9 87 91 30 77 58 65 61 90 35 42 0 75 22 74 92 40 51 97 98 25 78 15 73 84 91 80 69 10 65 27 19 61 39 3 11 98 9 70 82 30 15 84 57 45 10 3 83 88 50 64 29 16 61 32 93 88 1 13 77 59 90 46 59 47 31 64 9 63 55 67 35 14 44 90 54 99 17 17 32 80 
81 93 94 53 79 38 42 5 3 52 38 89 5 94 37 72 69 81 3 74 93 32 98 22 87 94 88 38 2 85 33 49 95 44 12 89 36 46 12 9 3 54 44 35 15 58 45 16 54 2 75 13 60 30 65 42 10 97 45 0 90 85 79 18 31 88 99 1 89 17 71 51 7 82 65 88 1 88 52 68 71 16 24 58 96 61 51 10 27 5 29 37 6 72 25 54 55 25 15 45 54 49 99 3 79 35 63 61 83 18 17 78 74 72 80 60 23 28 89 95 86 61 48 91 91 36 66 62 
87 11 31 88 22 38 27 65 53 84 9 65 82 22 49 2 44 48 89 19 28 73 16 24 38 29 12 43 73 75 5 52 92 95 78 6 70 72 8 60 71 41 39 81 47 52 22 33 82 82 66 55 87 38 9 28 21 26 80 23 53 93 38 66 8 92 62 44 85 49 7 54 90 8 72 31 75 84 90 65 99 96 96 61 44 75 93 10 35 88 96 62 84 25 61 69 19 44 77 95 70 97 83 45 81 51 79 99 89 62 7 37 45 30 82 29 74 22 22 13 17 31 15 89 52 49 96 74 
75 38 49 11 47 11 5 3 35 47 89 79 14 23 54 64 86 89 29 88 82 34 42 52 51 52 14 54 64 61 8 15 47 85 37 50 86 73 12 34 36 43 67 34 76 36 47 82 10 25 36 9 15 68 80 1 74 2 64 50 36 59 11 96 42 12 70 88 30 4 41 3 85 90 15 40 18 28 83 49 57 27 27 98 8 65 84 96 7 30 80 7 72 87 90 3 37 8 2 43 68 23 47 52 55 43 10 17 74 55 53 0 96 57 23 33 75 97 20 61 56 43 82 68 59 32 45 80 
66 23 6 91 28 32 94 42 92 11 96 51 21 9 40 59 60 53 38 1 50 37 13 65 3 60 48 43 74 58 87 45 4 95 30 42 57 43 94 16 51 74 84 54 50 86 67 62 49 50 15 35 66 57 71 69 39 5 40 53 49 36 75 11 16 33 42 71 62 85 1 40 67 86 40 40 79 36 58 56 10 54 95 55 30 67 51 7 6 60 68 50 20 79 47 59 25 39 10 40 37 23 35 56 81 2 26 82 65 91 21 41 34 89 38 65 81 69 57 11 15 38 24 40 35 83 29 61 
59 87 81 31 4 17 37 48 14 35 18 22 71 17 17 84 85 44 81 90 37 8 91 52 77 50 66 81 2 41 2 79 58 44 72 83 91 57 20 87 1 86 43 5 74 37 95 28 14 91 31 95 92 0 75 49 36 66 22 88 59 2 33 82 94 43 12 96 95 90 93 39 35 79 17 94 11 0 91 72 67 28 89 55 86 91 98 30 36 6 69 34 78 45 12 59 64 42 84 75 35 82 85 54 73 83 17 23 21 89 14 86 34 33 93 68 90 59 86 26 34 51 27 87 68 33 25 24 
3 30 0 60 23 21 6 3 70 83 70 96 0 34 45 47 88 87 49 20 80 57 99 42 51 86 50 64 47 91 58 54 7 34 12 25 30 40 26 89 88 73 32 34 66 39 86 93 26 32 33 38 50 67 46 70 47 80 37 27 93 28 99 44 15 0 3 40 61 20 82 3 54 13 18 9 85 95 59 84 70 71 6 2 14 5 80 92 15 98 5 39 86 3 7 10 96 10 51 57 65 21 83 31 61 92 73 64 67 91 48 91 92 62 35 11 86 27 46 64 49 36 6 82 44 78 68 11 
62 34 98 29 28 34 50 77 51 92 1 85 38 69 25 20 61 70 4 38 16 43 10 71 85 75 17 45 18 87 26 94 33 9 59 5 48 35 45 14 34 96 27 23 92 37 39 95 19 16 31 95 6 41 83 43 61 39 81 26 11 82 93 16 20 7 63 36 46 46 78 54 83 59 95 15 31 12 34 51 4 27 21 46 97 70 75 42 46 53 44 0 84 39 58 54 82 70 9 83 63 23 42 53 74 54 48 52 1 17 20 16 24 71 27 71 45 66 68 13 50 57 95 41 64 50 7 49 
42 18 90 40 94 41 66 5 45 9 2 53 51 31 22 74 57 38 56 59 53 96 52 53 4 29 68 29 40 31 66 49 37 87 58 72 5 81 58 45 6 25 69 49 30 71 28 59 12 28 8 54 27 51 65 34 12 1 93 42 32 51 15 57 92 92 29 69 56 74 75 56 83 32 20 86 44 60 74 52 67 6 9 3 55 46 74 49 69 1 29 83 69 43 69 50 0 56 51 51 18 8 41 65 86 90 67 21 29 53 78 73 46 13 28 73 40 4 23 54 40 43 45 4 81 4 26 45 
15 55 18 42 69 37 53 74 88 47 81 63 20 76 90 55 88 28 21 43 95 95 28 14 92 52 26 25 61 95 25 26 59 75 46 31 89 34 25 21 39 37 93 57 55 16 19 20 22 87 10 79 25 73 55 65 31 5 90 23 79 80 41 41 38 81 82 58 31 46 98 29 16 65 66 89 77 40 53 7 47 77 71 31 93 89 5 2 70 27 28 65 74 84 35 32 23 1 64 34 93 96 76 87 59 16 81 45 22 18 13 88 66 11 39 56 47 18 0 94 97 4 53 51 21 39 6 48 
48 71 73 60 3 55 65 44 67 19 55 46 69 33 14 15 50 5 10 67 40 34 32 23 84 2 13 59 45 12 37 23 63 66 74 4 1 95 57 7 1 31 35 30 57 86 99 63 74 72 18 6 57 27 96 5 42 5 55 61 50 1 2 32 31 41 46 27 34 57 50 26 32 64 69 9 17 19 37 53 67 40 84 18 24 27 43 94 92 69 68 80 1 58 54 25 61 57 30 4 17 53 39 74 29 66 41 92 30 60 19 92 16 48 32 26 76 53 53 25 12 18 73 28 66 77 57 6 
61 89 73 21 12 50 82 61 14 70 83 23 48 22 89 17 15 50 97 49 91 53 8 27 29 82 80 14 8 70 42 21 90 57 69 59 50 16 2 45 67 96 40 71 10 57 86 51 66 84 2 0 36 45 67 61 37 15 99 19 27 13 1 45 66 94 20 91 57 11 51 89 72 95 16 12 0 53 36 49 24 64 84 69 12 94 39 16 23 37 8 48 91 53 87 99 22 46 0 34 68 26 58 6 34 46 29 92 9 66 28 14 73 86 19 60 32 38 92 54 11 58 19 54 36 17 90 6 
85 89 99 26 61 74 64 74 11 85 73 5 33 21 75 97 83 98 4 86 75 89 60 51 4 46 31 19 19 50 99 7 22 87 30 96 97 19 31 82 55 70 2 69 1 54 44 25 22 93 14 27 32 60 80 74 47 58 70 49 27 60 71 31 38 1 66 61 66 28 41 22 27 97 36 77 97 7 89 64 16 22 95 72 22 80 84 5 72 8 42 4 32 48 10 4 11 31 28 78 57 92 63 21 69 59 56 27 20 63 65 35 92 56 60 7 92 1 95 57 38 89 41 1 44 83 37 88 
31 19 34 37 48 78 92 73 15 74 25 93 39 41 49 21 69 66 57 47 31 6 19 88 95 27 65 93 65 14 95 6 93 80 70 20 47 26 47 4 18 93 52 99 96 10 81 41 83 45 9 11 41 98 16 36 73 3 80 51 82 1 89 83 51 93 52 84 29 49 13 38 20 37 38 27 48 97 61 14 65 45 85 69 13 75 44 22 44 73 51 22 37 77 16 64 22 17 17 65 37 28 4 58 54 30 65 59 98 7 24 23 42 67 73 83 37 63 65 45 66 90 49 27 43 58 62 29 
36 45 0 36 84 30 84 99 31 46 46 52 78 1 82 14 25 67 66 71 10 52 9 94 41 90 21 92 93 15 90 77 41 74 77 74 55 60 79 8 71 40 48 45 70 42 97 73 83 50 69 92 69 97 15 4 7 11 70 51 90 24 75 45 1 31 63 16 27 37 7 82 57 6 13 27 10 14 31 35 49 44 34 26 13 6 75 13 36 22 81 54 49 27 53 46 95 92 85 13 21 29 25 27 98 75 83 92 99 75 96 10 24 85 90 34 86 52 17 5 73 23 28 2 24 95 40 97 
83 55 51 94 99 94 14 28 10 58 62 58 81 73 73 1 16 86 12 89 87 69 46 31 90 58 36 63 69 88 5 59 10 22 24 83 45 40 8 63 73 70 40 81 45 65 92 4 43 56 31 15 60 7 43 50 64 55 28 51 64 47 8 42 39 71 41 48 48 23 96 13 85 14 72 78 75 31 8 48 47 54 23 3 20 12 12 22 51 72 50 20 72 67 22 66 41 63 32 27 54 70 12 92 62 59 80 75 3 30 26 1 94 95 92 58 33 49 91 87 75 37 0 37 25 4 77 55 
84 42 59 48 30 22 11 25 54 94 38 35 27 40 48 17 98 64 19 51 10 71 7 40 96 51 59 70 26 30 22 51 74 11 45 9 16 3 2 63 77 84 42 87 50 41 6 5 2 86 5 90 89 92 80 76 74 61 5 33 32 73 10 22 99 87 62 91 93 48 49 44 69 2 87 33 26 5 92 28 71 67 56 5 19 28 98 58 34 14 97 5 30 93 13 39 29 19 12 93 56 41 85 85 39 59 4 53 13 6 27 69 40 77 22 11 39 65 69 26 35 49 46 90 69 44 58 69 
83 45 93 54 24 34 86 65 86 32 45 46 92 13 32 70 72 4 72 71 8 47 6 91 63 96 78 7 98 3 99 60 36 45 60 48 89 25 7 27 83 5 50 24 83 3 11 18 53 39 92 26 72 82 79 82 81 88 22 65 76 81 48 90 10 96 70 61 58 85 72 44 60 5 28 57 42 67 27 3 32 57 97 33 60 20 98 75 11 93 80 22 58 30 71 70 18 72 69 93 57 75 60 33 22 97 12 0 2 75 92 12 88 87 44 5 22 14 33 52 65 13 25 65 52 66 35 84 
41 8 56 93 31 40 71 31 46 95 18 36 57 21 38 99 36 26 17 86 31 99 66 21 51 3 25 7 86 43 88 80 76 0 33 34 88 98 12 72 4 74 9 84 64 21 39 4 65 97 36 18 93 14 85 87 29 39 1 57 99 68 46 76 79 89 72 72 15 2 22 70 35 74 80 32 54 77 33 62 85 38 81 65 15 49 57 43 80 5 30 85 80 10 0 67 77 40 24 45 63 62 41 71 87 12 15 76 16 20 50 72 86 2 49 5 63 21 45 77 45 7 66 86 42 68 6 33 
71 16 80 77 19 47 59 77 18 45 18 43 45 32 30 50 55 41 78 65 45 64 23 90 68 50 71 15 56 69 25 22 56 83 75 1 91 91 60 43 27 85 7 50 29 95 80 76 89 82 57 52 59 71 69 59 39 10 49 33 9 49 83 51 62 40 49 48 76 9 55 99 8 35 10 23 68 82 87 87 3 2 66 19 66 78 87 53 59 14 41 41 21 8 12 7 49 14 1 27 28 82 40 90 34 39 41 20 96 99 18 81 33 7 69 40 11 70 62 36 62 92 58 6 70 93 40 24 
42 30 98 23 9 80 66 48 78 88 51 6 89 85 46 55 21 23 3 96 45 47 42 26 97 10 45 77 70 62 81 89 82 26 16 7 98 64 49 39 7 90 11 24 15 23 48 33 21 29 51 32 24 8 15 98 62 31 20 34 41 98 31 39 80 69 96 23 14 77 68 53 87 68 18 57 9 24 55 35 76 29 15 62 89 54 76 12 1 67 73 51 70 5 27 82 25 11 79 37 25 58 84 14 58 50 49 97 63 48 66 81 28 32 60 63 9 48 31 15 6 99 93 67 61 85 68 17 
29 57 52 51 89 81 5 51 5 27 12 88 67 19 67 10 58 54 89 21 22 96 99 63 21 49 17 25 66 31 7 55 29 87 5 70 72 54 73 24 86 54 60 86 54 60 14 53 61 48 75 52 25 7 17 24 15 32 40 92 98 64 75 91 65 5 12 70 69 85 27 16 3 12 25 44 31 89 58 18 26 3 94 54 49 0 37 85 25 9 16 34 33 80 79 76 95 97 95 41 44 60 63 29 21 53 26 24 87 78 73 74 51 54 65 63 85 59 28 39 47 77 24 65 89 18 5 89 
5 50 68 89 70 48 13 59 56 34 0 35 53 10 22 15 76 60 4 32 0 85 65 79 9 69 65 47 32 86 51 24 45 41 60 89 2 29 4 9 10 47 26 21 44 41 65 71 91 3 75 23 22 57 94 93 97 4 13 10 13 77 16 30 45 26 69 11 33 93 40 15 13 15 67 25 35 13 69 59 92 24 38 89 61 53 82 0 30 21 88 23 29 17 26 34 74 81 81 71 95 53 33 51 20 45 14 59 11 10 29 21 59 17 40 37 20 93 28 2 61 77 88 52 0 92 83 61 
50 0 87 74 55 15 58 54 33 86 78 5 40 60 35 60 98 43 40 84 78 10 62 78 46 51 42 22 23 14 73 15 37 75 34 91 35 18 81 54 14 61 47 92 30 66 72 45 34 41 37 61 68 9 82 97 44 90 71 95 12 64 18 36 46 98 45 42 42 62 61 17 10 80 24 26 93 38 85 1 24 59 73 51 82 22 78 2 89 46 91 15 44 13 75 16 18 3 5 62 89 79 15 7 56 62 49 96 43 47 56 94 83 5 53 54 59 23 27 25 47 96 90 99 67 78 81 7 
87 69 86 56 8 41 20 88 25 94 79 13 50 32 2 32 51 35 60 39 52 35 44 9 40 26 54 75 15 28 2 39 58 4 99 71 81 32 42 45 24 60 67 55 48 98 36 8 88 32 91 78 36 23 16 31 4 77 15 47 12 46 45 36 87 69 84 53 23 7 87 40 8 59 41 0 22 71 16 42 6 13 98 72 49 54 4 38 41 47 29 58 68 54 59 84 45 50 72 72 41 45 58 35 10 95 9 47 76 37 50 10 95 62 5 50 27 35 37 50 48 41 94 83 29 56 12 75 
16 87 27 39 12 43 88 36 60 31 33 28 80 0 39 0 22 86 33 17 68 57 72 8 96 42 56 18 96 41 55 54 48 20 54 24 21 45 68 55 15 25 89 13 62 3 32 89 66 75 92 67 37 23 21 24 82 77 78 69 14 57 67 57 83 80 54 70 20 78 9 8 99 47 2 91 62 75 61 90 75 72 61 36 74 19 79 91 76 68 7 93 69 66 82 12 67 42 51 61 98 52 71 75 1 53 10 87 80 5 67 95 41 89 84 45 15 87 85 55 22 66 4 25 61 34 45 15 
9 37 97 18 79 27 92 72 10 95 84 26 43 11 36 4 50 0 92 57 55 26 57 64 23 21 51 46 50 65 23 56 75 5 37 93 16 6 88 98 18 53 43 97 95 75 5 65 94 9 27 44 87 17 83 29 72 17 36 86 55 36 20 43 21 63 0 15 39 91 69 48 32 67 52 56 93 81 84 4 28 10 20 76 92 0 37 57 8 32 96 94 8 18 6 20 58 36 88 97 44 14 6 84 38 55 91 77 63 27 1 62 94 40 93 28 35 59 80 29 21 87 65 52 70 89 21 33 
67 19 47 73 71 24 10 96 25 55 91 66 14 76 90 32 49 3 72 7 54 7 36 7 39 58 9 55 14 86 90 84 21 86 74 77 80 60 25 0 25 17 16 77 58 17 48 47 24 53 76 13 3 97 95 37 87 26 13 1 48 30 5 44 44 28 67 15 42 50 62 5 68 71 13 13 28 36 98 28 57 45 19 18 93 29 95 89 25 37 2 27 47 30 85 73 33 26 36 24 24 59 21 98 9 92 34 22 63 62 52 40 46 91 7 40 98 75 14 38 66 76 59 96 84 52 74 66 
3 22 84 95 38 92 26 30 93 52 10 9 76 1 52 72 7 55 12 12 1 33 42 48 97 17 5 45 94 12 68 92 10 74 34 47 95 52 93 26 68 36 94 54 39 12 21 31 30 22 46 15 33 46 87 16 22 93 93 94 30 33 96 88 94 48 33 23 12 47 6 78 79 31 31 11 53 64 61 25 65 88 79 57 48 24 52 69 93 7 34 18 92 22 97 87 32 18 88 83 35 25 11 27 76 76 14 0 40 19 77 79 15 21 76 71 66 73 88 51 15 38 28 11 96 41 20 18 
84 26 31 59 78 48 83 83 90 4 7 72 89 82 83 99 49 99 2 53 80 83 15 1 12 69 70 77 38 37 85 40 55 44 47 56 21 19 1 72 56 55 55 9 58 95 9 46 63 76 28 52 5 69 45 7 40 94 65 98 9 79 72 41 26 9 52 10 80 32 80 88 87 2 10 79 40 84 18 26 78 14 75 46 91 64 7 75 66 55 93 5 27 93 87 97 55 2 72 48 50 44 64 95 34 4 58 95 35 66 68 65 91 55 27 1 14 41 82 3 36 45 38 97 8 37 32 27 
43 68 51 75 65 71 2 69 91 30 87 40 98 85 20 84 93 22 35 36 28 95 71 42 28 13 56 29 56 76 79 61 25 19 37 50 78 82 76 76 27 52 45 71 41 39 47 87 48 86 26 5 34 80 3 42 2 84 70 21 72 45 95 29 99 14 52 82 69 67 5 1 43 0 10 3 84 33 36 44 51 27 13 30 48 1 38 27 52 29 38 24 0 85 65 59 98 44 76 29 0 42 93 92 94 6 57 8 65 31 97 1 89 1 84 99 91 7 0 62 79 43 8 11 75 66 65 41 
57 41 84 59 35 73 29 79 57 92 18 71 92 71 74 47 58 88 80 4 17 67 78 58 36 39 22 61 29 89 33 78 72 73 8 51 96 25 17 16 4 40 92 90 43 91 24 51 74 96 99 16 75 85 96 0 41 48 14 96 65 55 66 61 41 48 38 86 42 73 55 82 88 53 29 77 69 49 42 65 45 17 75 65 23 69 86 77 19 22 96 48 7 11 62 32 38 8 51 66 31 48 43 0 64 42 58 62 51 54 35 60 26 10 45 50 86 75 22 91 79 16 34 93 62 55 16 16 
42 91 8 72 81 28 79 2 88 70 57 37 34 56 82 60 16 25 78 21 53 4 81 82 81 71 69 40 83 50 32 49 91 25 92 57 65 31 53 70 33 35 82 42 23 30 72 72 48 89 7 35 99 58 87 47 27 18 8 76 7 38 92 32 92 28 67 21 43 26 25 33 7 13 78 1 4 47 37 77 26 51 43 9 3 82 55 14 4 91 65 9 52 14 49 68 7 66 23 71 19 71 39 78 36 13 40 51 17 66 92 68 77 50 93 60 22 17 0 8 39 41 15 46 19 60 0 73 
92 45 69 2 76 6 93 38 15 22 38 64 24 26 88 76 13 36 58 35 25 97 38 69 38 56 3 18 39 41 56 99 14 18 16 78 29 43 59 93 21 64 40 10 21 11 76 1 64 27 99 77 7 14 16 99 50 65 89 73 11 46 77 43 73 40 8 17 45 8 94 18 83 66 75 94 9 61 99 50 38 87 85 0 39 48 12 34 85 75 79 55 52 23 94 93 61 32 9 98 50 94 4 29 37 22 89 74 80 94 48 39 5 84 17 4 25 45 64 25 79 67 15 62 30 76 51 14 
48 43 67 85 41 80 19 45 38 44 71 11 65 66 58 8 55 7 99 91 26 49 76 12 65 40 89 96 93 45 90 98 47 0 70 37 41 1 98 94 48 92 59 84 47 71 7 7 60 51 5 17 18 75 93 86 49 73 22 12 13 72 33 86 76 77 99 36 14 37 91 65 98 28 64 29 23 6 61 43 99 56 80 60 15 46 82 26 23 36 18 81 59 7 87 87 71 95 72 10 52 52 94 36 46 69 89 42 36 86 72 71 33 9 7 33 78 58 76 91 95 12 6 2 87 75 64 91 
98 54 7 60 8 66 27 18 70 47 38 18 0 61 13 79 9 14 50 90 21 3 77 20 86 72 8 0 7 36 15 23 49 32 17 4 89 3 77 28 95 6 16 57 88 68 98 53 40 57 82 2 39 74 24 24 79 40 13 66 49 5 19 0 79 11 31 28 34 77 13 12 20 81 74 51 4 6 6 28 21 13 97 82 39 38 43 11 30 40 93 97 49 74 1 65 69 68 38 44 60 36 87 51 35 75 13 37 0 47 3 30 77 55 97 58 97 95 51 77 71 61 72 86 15 99 4 2 
65 58 17 67 70 20 84 13 93 40 59 90 63 22 32 33 90 84 44 16 78 10 32 49 27 32 77 4 3 82 9 95 70 84 7 73 20 74 65 98 18 91 6 94 42 58 88 84 73 4 85 72 13 31 92 25 11 51 88 80 78 3 36 81 90 5 64 79 78 39 57 94 20 60 11 42 12 78 0 66 20 87 1 1 66 54 35 24 37 82 10 19 12 83 68 93 58 22 54 67 23 69 20 76 36 38 46 8 21 93 23 48 82 70 95 62 53 96 66 67 86 34 87 39 22 78 97 77 
13 94 0 33 52 80 95 21 90 95 18 33 44 6 31 2 41 71 65 43 27 86 51 1 13 75 9 0 49 69 90 63 1 89 93 84 70 47 39 44 95 30 19 83 54 36 38 75 85 59 58 47 62 82 20 87 18 1 38 8 47 21 55 30 0 14 3 97 1 10 10 88 84 2 84 73 87 87 45 38 81 30 59 41 60 84 31 39 17 61 30 79 65 98 66 69 53 21 47 39 64 86 18 36 35 21 25 70 54 18 93 17 17 98 35 26 92 98 6 33 13 69 65 7 49 82 61 11 
31 26 36 62 34 13 81 96 31 23 5 9 72 75 99 14 5 40 97 61 96 35 75 34 44 57 70 10 85 33 57 82 17 32 25 73 71 60 77 48 18 70 99 13 62 59 85 26 68 78 13 63 51 13 57 20 2 26 7 37 41 41 5 93 15 98 90 94 15 42 37 50 80 70 30 96 90 39 65 90 52 37 21 46 20 71 66 3 1 94 60 24 35 54 0 1 14 48 81 29 92 85 13 4 95 39 73 63 27 34 27 0 3 96 48 54 1 40 13 47 93 45 2 16 61 34 40 34 
37 68 17 34 30 54 48 94 19 1 15 77 1 20 64 30 82 47 64 39 44 80 67 20 97 45 5 56 40 88 46 58 54 48 11 57 61 59 51 95 70 55 99 40 7 7 22 86 67 70 37 51 64 82 75 59 5 21 48 17 49 31 0 14 47 61 25 21 73 26 33 93 49 53 73 95 78 96 91 21 26 4 29 61 21 26 50 71 25 32 64 38 92 67 48 86 14 54 89 76 88 49 42 19 59 41 65 83 71 17 95 27 70 99 79 15 25 52 29 47 55 13 72 46 16 72 49 18 
27 13 20 64 27 47 83 52 46 68 58 10 75 90 92 96 44 39 36 61 98 93 23 80 69 62 25 85 61 4 35 2 43 19 35 57 41 46 84 41 72 4 20 1 57 56 14 81 64 12 65 38 9 61 35 79 68 2 51 3 13 41 41 14 73 70 47 99 38 36 55 56 19 73 67 53 79 89 15 37 94 77 26 52 70 46 78 52 58 96 24 52 83 1 0 67 82 40 53 19 61 20 17 70 33 48 83 50 86 53 43 85 74 83 21 47 5 34 10 80 25 34 5 36 49 3 98 90 
77 6 43 59 63 62 69 41 78 46 27 1 10 45 53 40 52 56 30 71 17 34 62 53 53 61 30 21 96 18 67 46 83 26 61 60 36 89 73 17 56 71 28 83 82 23 89 12 56 90 23 49 51 46 2 49 61 12 71 33 66 50 50 83 34 15 7 96 7 44 81 45 52 74 24 50 32 39 82 26 98 33 47 40 86 31 11 33 63 39 56 26 83 0 81 9 34 85 97 77 86 88 33 22 52 20 72 84 33 98 51 82 81 13 59 17 13 41 21 44 51 26 7 6 4 53 91 68 
59 19 45 20 42 83 53 38 18 92 96 18 4 28 34 36 67 21 5 38 19 81 91 90 54 38 78 78 64 42 39 23 52 81 92 45 73 67 67 16 11 95 19 69 13 99 16 15 81 61 16 21 3 92 67 11 49 78 53 47 6 91 72 70 40 90 1 18 52 61 70 7 21 28 89 55 19 42 26 84 43 85 78 60 37 96 62 17 56 36 61 38 43 92 55 56 47 51 1 17 28 77 77 76 56 68 54 80 27 35 9 22 55 51 70 0 11 44 43 71 8 23 91 14 58 81 67 5 
94 55 53 2 78 82 65 72 10 74 55 79 59 70 82 85 10 98 69 98 54 61 27 16 81 24 93 99 60 46 31 39 95 38 47 51 90 69 14 18 27 33 99 97 47 39 24 22 8 54 11 70 80 72 55 40 28 59 80 12 18 57 93 24 63 0 17 19 21 18 84 30 71 89 36 78 76 24 29 44 0 54 29 61 3 61 68 15 43 56 78 4 88 85 86 4 88 75 33 91 34 67 49 89 77 49 25 81 57 85 94 73 48 15 42 2 92 54 44 72 58 80 16 77 9 60 95 47 
21 14 10 47 38 43 99 96 25 19 59 12 4 12 15 10 73 15 47 14 27 90 11 22 42 28 79 39 14 53 97 32 64 33 2 33 29 58 9 88 63 92 79 76 79 76 30 25 70 56 89 69 15 60 45 12 66 7 70 76 48 71 78 23 11 61 60 85 1 71 11 35 4 32 66 29 89 54 26 97 87 99 88 69 51 73 23 20 49 11 19 39 71 11 42 15 22 35 53 42 66 96 65 90 86 73 52 13 99 27 88 68 34 6 38 16 68 46 73 19 16 6 29 96 37 90 65 12 
95 77 4 23 50 66 14 55 48 51 12 61 4 36 99 13 62 72 7 17 38 46 84 72 48 73 79 9 80 17 58 6 34 88 19 11 87 38 31 52 75 37 6 85 6 45 13 68 92 23 56 49 37 33 29 22 17 41 87 44 59 33 81 34 25 84 69 24 34 57 30 62 21 67 30 10 74 59 17 88 23 74 12 80 92 10 23 30 49 55 81 11 39 84 86 76 28 16 78 64 67 90 46 95 49 66 37 48 21 33 75 95 53 63 54 87 59 6 22 27 74 62 82 42 86 49 92 32 
92 57 74 34 99 92 66 47 94 35 43 14 70 74 31 60 73 21 17 53 69 57 19 98 84 44 59 76 86 47 20 65 90 67 22 25 61 60 74 91 20 76 9 66 18 75 51 99 38 30 47 67 98 96 75 23 29 14 50 39 38 20 74 45 46 12 60 18 98 91 10 19 5 32 86 46 13 74 58 81 30 10 31 9 82 30 29 38 84 13 24 49 8 65 30 84 43 30 23 46 40 41 79 7 97 12 0 41 94 76 99 84 54 59 2 7 94 24 10 60 92 88 15 78 5 36 47 85 
71 83 1 56 1 43 94 27 65 9 30 12 36 30 49 24 55 77 84 76 18 29 81 18 76 89 72 38 61 15 42 17 39 77 15 21 72 63 71 83 27 35 75 41 79 30 16 67 16 9 15 84 65 1 26 91 79 38 36 18 19 2 89 0 96 94 85 71 20 75 16 32 97 13 48 33 24 97 16 89 78 69 56 43 13 29 42 74 66 39 37 30 0 74 30 53 29 46 44 29 46 39 60 51 21 85 89 11 83 0 98 9 55 25 14 50 86 22 13 81 22 43 99 75 17 54 25 57 
43 65 51 29 48 56 88 34 45 99 37 45 90 25 50 93 37 84 46 12 15 99 38 50 44 54 58 33 64 28 63 98 41 75 11 99 3 22 12 36 8 37 56 47 45 73 55 77 39 3 8 81 13 72 97 18 52 52 18 10 86 21 81 82 52 28 16 18 22 76 1 62 94 30 43 70 54 3 83 35 2 88 3 63 19 16 71 14 72 54 26 97 2 70 79 91 74 77 84 87 72 10 1 31 54 71 92 48 1 2 52 94 46 38 92 60 13 10 20 15 83 81 55 59 68 86 89 28 
81 15 92 15 52 30 69 91 0 56 23 71 11 51 10 22 70 41 15 95 7 69 74 30 32 67 65 88 88 13 92 85 64 49 44 54 20 50 9 61 6 24 43 84 14 82 64 82 5 47 57 43 16 57 8 77 93 96 62 91 78 71 43 24 84 1 92 95 85 32 95 72 6 79 0 89 30 87 67 69 40 79 27 33 64 72 79 48 16 62 84 94 28 46 43 13 14 70 2 13 52 68 88 16 97 93 88 13 54 89 69 78 4 71 76 34 29 58 93 49 43 82 35 63 22 5 65 87 
89 46 72 55 10 98 27 42 70 13 72 0 54 31 59 35 11 75 71 1 64 71 13 34 74 46 85 84 6 45 22 6 63 15 87 8 15 59 43 27 76 94 18 20 89 82 34 20 55 84 94 76 97 84 93 20 67 31 25 25 31 92 69 59 78 69 6 4 7 38 26 14 36 76 72 73 64 21 52 84 5 95 45 86 17 49 63 57 34 36 15 56 31 55 92 90 85 33 62 75 56 29 70 84 79 55 39 87 46 86 38 47 71 95 85 97 46 81 66 57 92 7 72 36 42 19 21 43 
8 85 40 81 18 85 19 27 62 67 17 37 79 29 56 47 83 72 12 21 9 77 21 76 29 23 12 28 33 96 95 82 62 55 20 20 94 69 12 40 61 12 19 97 91 70 67 59 58 38 44 51 85 79 96 23 56 49 86 79 50 92 88 55 72 61 98 52 50 44 57 9 1 82 81 24 37 34 49 68 67 20 33 48 7 56 6 47 20 47 6 70 53 49 36 73 62 16 34 34 38 57 15 38 63 74 72 48 78 98 43 73 3 29 21 55 54 67 57 19 39 20 31 12 26 25 90 97 
70 33 12 46 79 94 71 22 53 82 65 55 90 17 69 82 83 98 10 27 86 13 58 27 57 12 95 63 0 94 4 90 52 54 8 22 3 67 30 33 86 95 29 31 52 46 59 19 28 23 50 38 10 19 36 9 68 29 7 58 37 24 23 59 74 75 46 37 73 16 67 34 64 62 0 0 99 78 81 59 0 92 91 22 28 32 9 8 36 6 81 52 64 65 62 89 5 77 12 77 71 63 27 5 10 92 55 32 57 57 51 48 74 87 81 98 70 26 52 68 14 0 27 69 63 22 37 77 
73 52 61 46 81 47 15 37 18 96 43 74 69 48 75 50 24 34 69 18 59 75 22 99 81 91 38 3 8 59 68 38 89 27 89 37 5 31 17 83 83 88 38 32 54 40 59 51 53 4 5 83 2 50 95 87 51 56 27 9 2 47 44 34 2 96 92 17 26 45 53 43 57 63 87 8 53 15 68 0 3 41 77 3 93 85 24 50 46 41 80 42 88 6 51 19 22 49 20 17 0 55 50 38 77 20 24 7 16 90 18 45 55 62 69 21 25 92 4 30 43 81 42 64 4 27 41 39 
50 71 98 61 96 21 9 96 45 23 51 22 98 98 99 27 30 94 9 88 98 28 69 48 80 21 63 9 22 20 60 59 5 9 67 53 24 16 93 84 24 61 18 41 60 78 69 16 26 1 1 98 80 35 86 75 47 34 45 94 97 56 20 72 19 70 72 18 28 86 79 30 92 82 16 91 38 36 60 92 86 85 84 67 30 16 34 83 11 31 12 39 98 31 56 26 93 93 83 70 64 8 26 14 39 89 1 95 60 54 92 57 60 21 5 24 61 76 67 35 35 80 38 87 11 31 43 51 
27 8 38 17 22 95 24 59 62 26 30 94 2 70 35 1 99 15 6 83 86 61 34 69 9 30 24 58 65 70 96 87 38 65 78 56 50 21 28 20 97 26 60 24 5 70 21 35 96 28 84 75 14 26 6 85 10 34 97 49 29 11 92 78 86 46 55 86 84 33 26 90 98 26 62 86 66 14 70 54 62 92 34 79 62 83 71 20 88 1 16 14 30 87 91 95 32 13 92 51 66 77 34 4 45 6 63 47 3 59 77 49 44 84 25 67 87 65 80 68 67 86 27 17 7 21 54 57 
50 14 12 16 92 94 33 90 93 0 81 99 46 61 48 99 77 55 69 84 16 48 55 66 58 54 42 94 77 95 36 79 45 73 21 10 93 49 35 98 51 6 72 56 93 73 85 36 99 81 36 1 77 66 92 43 5 34 93 4 65 44 66 82 20 21 3 20 63 9 36 13 80 95 26 42 84 99 61 50 47 62 50 52 50 87 22 65 70 89 71 25 29 4 71 29 14 40 51 41 83 54 71 88 13 41 46 56 10 90 91 9 81 15 50 27 16 67 92 6 90 91 28 32 18 90 24 95 
41 37 93 73 85 47 95 93 5 95 18 94 71 38 26 88 9 86 58 29 53 35 74 28 2 37 43 99 88 73 60 52 54 72 29 13 96 57 78 97 45 90 45 59 6 39 21 90 72 96 32 14 85 72 51 87 22 60 68 22 86 22 99 25 21 24 43 71 90 12 9 13 13 61 32 65 29 14 95 71 39 22 38 91 23 93 60 64 73 82 11 92 28 8 50 5 78 69 40 38 15 68 58 83 21 37 73 50 47 14 28 46 74 34 41 88 25 44 0 2 28 26 8 17 87 31 87 45 
