68 39 92 35 35 74 32 77 79 99 32 5 77 39 5 92 55 78 27 68 66 53 83 31 86 86 84 38 40 39 19 37 37 86 69 91 14 50 71 41 14 54 17 89 44 44 78 33 18 88 12 90 52 35 85 36 35 35 53 38 28 79 89 49 
17 25 97 43 29 16 17 89 59 30 7 30 14 20 1 34 35 26 17 20 87 79 51 19 15 87 65 49 54 28 7 9 47 11 15 4 77 97 95 16 98 21 37 47 47 37 11 45 4 50 39 26 11 91 83 64 21 74 2 59 18 96 89 48 
49 98 96 77 48 60 58 25 28 35 30 22 78 55 84 80 92 13 77 25 72 86 60 85 31 32 29 19 82 38 67 79 22 50 32 92 25 0 2 84 76 49 54 17 67 23 3 57 33 89 32 38 24 14 79 21 29 94 98 14 13 95 80 97 
72 0 61 72 43 17 6 71 23 4 27 62 84 85 39 78 27 66 7 51 84 28 36 20 37 66 12 3 22 17 11 2 43 44 21 48 98 80 10 96 44 25 51 61 39 65 55 97 57 56 16 50 85 36 95 89 14 16 96 21 17 10 85 54 
15 85 19 29 52 84 71 60 15 76 37 87 25 0 18 92 63 60 34 94 35 45 56 29 50 53 35 47 20 29 59 5 25 68 73 73 94 57 40 13 29 91 41 77 96 68 32 14 80 19 99 38 81 43 25 42 84 94 84 45 27 7 33 35 
47 86 50 10 27 32 12 50 27 36 71 26 54 95 26 56 78 67 55 44 6 22 26 18 90 56 19 20 15 5 43 82 31 68 3 44 51 54 53 2 60 26 55 87 63 68 15 69 9 2 47 11 36 20 15 0 32 48 54 56 97 84 12 19 
46 17 83 99 4 19 40 66 98 13 48 22 35 58 6 87 61 36 69 67 79 13 29 16 13 88 41 42 61 66 62 82 25 55 84 93 41 69 14 99 72 63 20 94 57 60 66 84 25 25 47 55 34 7 51 84 42 47 7 80 73 66 38 4 
49 42 29 68 89 4 9 71 95 51 67 91 81 2 32 60 41 29 99 24 12 80 90 27 98 80 79 64 0 35 82 87 55 25 24 99 83 83 29 48 57 59 28 9 23 87 26 23 11 99 72 97 75 45 47 34 9 45 93 61 88 29 48 64 
25 43 23 59 88 23 40 1 57 8 94 75 97 35 71 5 42 37 5 99 74 20 31 36 74 51 78 26 77 34 86 69 70 50 31 90 93 64 70 65 75 22 96 25 89 98 99 28 16 37 30 75 45 44 64 94 28 97 85 8 5 27 40 67 
55 53 77 6 8 17 41 74 98 82 44 26 45 6 22 36 27 57 27 46 92 46 67 87 82 74 45 77 1 84 15 76 92 80 46 49 63 92 60 51 48 59 69 61 39 97 74 2 29 64 56 18 26 81 14 71 11 26 80 55 55 5 61 88 
71 60 41 75 82 7 58 71 32 38 8 84 47 49 22 14 83 84 75 24 51 67 84 66 82 9 63 0 11 33 17 3 12 15 83 31 62 37 52 83 39 88 69 75 14 98 76 41 53 18 4 18 24 33 9 28 83 46 75 76 19 18 31 98 
84 59 74 5 35 49 4 17 81 4 58 26 74 70 66 40 7 44 46 85 66 81 69 59 44 20 98 43 94 11 93 13 49 79 5 14 29 22 8 96 76 24 39 87 6 91 70 76 48 50 24 4 24 40 88 58 11 49 56 84 12 31 71 77 
48 31 40 14 24 52 55 55 65 30 19 99 60 84 44 16 86 21 38 35 89 16 26 61 72 40 37 56 14 80 50 13 94 39 41 75 34 81 78 59 13 72 75 28 37 22 32 50 88 82 94 33 64 26 15 3 51 7 1 27 64 62 39 63 
89 59 34 4 19 4 9 58 84 57 95 96 4 79 29 84 44 53 19 4 63 88 76 52 17 33 94 84 9 64 8 23 63 71 71 48 34 21 61 65 0 45 57 94 88 90 28 51 44 62 25 5 19 35 21 10 86 93 5 76 80 55 90 61 
86 9 38 79 27 53 71 20 91 14 8 8 29 94 41 7 93 40 11 96 29 74 47 94 93 31 51 82 34 32 99 58 24 41 93 65 48 6 80 29 37 0 2 84 96 59 67 19 97 1 23 51 38 23 63 79 27 47 58 10 37 49 49 24 
65 18 99 19 97 42 49 26 27 49 68 14 57 43 64 91 34 91 83 60 66 62 33 9 51 6 45 68 41 76 40 87 35 16 32 29 39 89 92 45 87 45 65 84 7 67 86 42 3 62 94 28 29 78 14 92 78 88 53 57 47 51 24 2 
47 74 39 97 10 13 35 98 43 98 0 20 81 18 28 82 51 33 84 2 92 36 66 78 76 58 85 85 43 60 18 82 45 27 38 75 78 90 39 80 88 88 99 35 71 87 88 63 32 37 97 44 17 82 36 22 20 12 23 19 76 7 21 48 
18 60 76 93 75 17 48 48 18 96 68 43 96 90 7 40 97 66 87 75 22 62 68 2 66 13 8 83 37 44 83 64 77 40 84 4 70 63 85 38 96 86 89 32 67 50 11 15 27 64 92 77 24 50 39 57 70 42 85 10 49 5 59 76 
27 6 59 86 56 14 79 77 2 58 31 27 34 42 26 93 23 32 67 22 34 68 98 14 11 90 65 33 15 57 70 58 16 9 51 49 29 98 26 55 25 17 58 52 43 71 70 37 31 29 85 44 98 11 73 34 51 60 61 57 84 70 88 23 
1 25 42 33 92 12 44 11 95 94 39 22 12 23 20 94 6 63 80 95 54 78 35 49 45 80 8 92 41 63 58 2 65 57 88 53 54 44 40 23 74 55 43 79 33 35 89 78 38 14 86 13 92 1 58 69 63 65 49 44 2 50 53 21 
57 89 50 88 1 49 2 79 16 2 87 1 46 95 81 47 61 83 39 33 19 34 36 11 50 21 56 20 30 73 58 92 62 10 76 87 4 24 52 39 5 53 59 29 60 6 36 71 66 10 83 98 93 89 70 12 4 87 73 11 11 64 64 46 
6 76 20 28 63 40 71 75 85 2 32 37 98 12 44 17 36 92 6 1 95 21 82 50 76 63 7 46 4 79 73 13 89 43 6 76 95 96 57 3 17 93 80 7 65 74 67 94 62 14 35 78 96 78 57 95 2 46 36 58 34 7 92 0 
27 29 38 64 54 68 81 44 40 86 87 16 68 35 3 55 80 28 92 1 80 13 0 75 36 97 53 32 55 37 61 41 19 2 60 24 35 16 3 50 75 45 14 57 57 67 2 63 58 43 29 59 10 10 45 26 77 89 41 45 73 4 10 18 
8 22 54 91 65 60 52 72 64 36 35 35 87 34 13 50 30 87 90 50 95 42 1 15 88 35 15 40 80 64 28 39 14 60 83 26 58 20 96 57 30 62 72 30 16 10 13 62 1 20 13 52 51 18 9 84 72 64 32 5 51 82 44 41 
10 68 80 7 36 45 36 45 81 94 71 86 26 78 89 44 10 91 17 78 0 62 48 60 20 89 62 63 63 27 83 62 34 67 50 64 63 93 34 60 24 90 83 39 30 16 87 91 37 39 41 17 50 71 71 17 64 22 49 18 10 53 39 76 
58 28 96 99 14 87 20 24 18 15 71 37 35 39 57 95 74 39 24 48 0 2 33 55 12 76 26 11 84 12 92 35 14 44 74 80 82 50 58 13 86 41 65 75 88 59 66 30 36 15 55 8 81 48 48 11 84 53 77 43 49 90 57 92 
23 10 78 23 7 5 36 99 89 2 89 44 37 39 33 27 67 25 90 95 94 19 94 29 39 16 42 55 41 25 43 42 46 76 92 50 55 46 77 57 81 81 53 21 81 93 93 56 98 29 14 6 0 23 57 80 15 14 51 6 5 33 91 3 
88 34 8 69 95 70 18 77 14 93 50 64 8 68 3 79 74 57 60 39 21 36 79 84 24 31 96 40 47 65 24 7 69 41 80 34 50 43 66 17 66 57 3 90 37 40 94 19 18 74 84 11 3 22 44 59 89 5 24 72 18 2 40 60 
27 9 63 62 50 88 34 6 79 81 26 28 40 54 22 78 16 3 67 94 50 83 14 17 55 12 54 4 26 4 74 72 32 80 35 19 3 51 39 19 14 68 64 17 92 17 82 1 56 16 4 25 36 2 47 50 18 78 18 45 97 30 79 19 
52 26 62 49 48 15 56 61 0 36 65 68 90 67 57 71 29 70 38 15 8 75 65 73 80 19 47 62 44 36 40 8 16 29 14 77 63 78 7 76 11 54 92 54 80 18 98 91 43 79 93 56 3 42 91 49 99 29 41 22 25 2 40 85 
14 12 84 58 31 28 53 61 95 52 54 69 97 9 44 19 58 63 92 4 76 17 6 90 1 13 17 15 36 23 68 50 91 79 66 25 30 17 96 5 36 9 59 39 62 67 50 31 34 50 86 58 22 76 96 34 50 87 91 66 39 44 70 28 
42 8 56 86 60 32 1 79 65 32 14 70 60 45 69 5 45 22 6 56 42 28 16 91 11 4 55 42 56 68 43 49 95 96 49 87 38 10 30 21 85 1 49 92 91 90 0 35 0 56 16 26 74 43 44 42 66 9 35 84 90 86 99 88 
13 30 36 59 36 14 67 73 57 70 84 54 4 25 51 48 22 63 41 66 58 70 21 89 86 80 64 77 94 29 73 25 59 65 18 63 61 86 46 6 86 73 42 20 36 48 2 24 97 60 54 28 74 6 27 26 74 82 25 74 85 83 86 69 
21 16 51 35 81 46 79 24 49 52 1 68 21 64 91 28 81 27 15 40 34 62 75 95 84 54 7 18 46 17 86 19 82 67 52 72 83 80 62 42 14 34 33 67 88 43 53 56 61 31 16 1 72 40 60 88 29 26 98 31 11 83 1 95 
98 68 37 24 85 98 12 71 78 98 49 53 80 37 53 80 27 48 71 1 47 55 94 43 88 2 18 96 15 82 74 88 73 46 12 56 65 99 43 30 13 38 46 1 23 49 63 50 42 91 93 81 39 86 7 11 56 85 96 18 24 16 96 75 
79 29 75 89 15 70 73 52 89 89 46 46 39 13 87 43 93 43 19 95 4 62 98 5 71 54 33 77 39 2 70 42 21 18 26 42 19 9 32 10 4 48 65 29 25 81 55 37 44 31 86 51 19 17 74 88 67 1 41 95 75 20 45 64 
63 60 97 99 24 97 70 25 68 95 76 14 65 59 63 32 62 19 81 65 28 22 83 84 21 46 69 27 27 5 76 5 26 27 75 80 77 70 85 0 86 88 65 69 43 34 95 7 33 81 3 71 52 13 88 89 6 92 98 42 28 26 23 84 
0 57 29 25 0 21 14 27 68 66 57 3 30 1 64 99 14 17 27 29 44 88 53 43 44 35 79 87 49 61 21 64 55 61 80 86 88 67 83 84 78 36 84 87 10 33 12 20 70 51 48 84 1 39 77 54 13 92 87 73 28 51 17 9 
74 8 12 67 34 87 99 17 36 47 33 67 92 75 0 83 3 45 45 96 68 87 49 52 59 85 80 7 47 26 77 23 53 12 48 4 54 23 91 78 53 1 95 15 20 90 88 60 85 89 10 41 0 27 56 22 9 81 57 79 32 43 89 4 
50 25 33 51 8 37 17 52 13 32 85 73 81 92 91 82 84 40 42 79 57 80 58 89 57 80 93 79 42 89 77 2 31 5 66 61 61 25 7 23 12 33 71 62 20 41 66 90 50 84 9 65 8 63 82 40 44 73 23 73 39 60 54 89 
19 67 59 38 1 17 37 0 43 74 77 1 65 36 75 59 99 59 15 55 12 89 7 5 36 63 65 26 16 73 53 32 78 39 65 68 51 77 88 62 45 90 72 41 88 51 65 95 36 26 53 46 42 66 11 7 37 21 70 43 49 13 28 57 
86 43 35 64 49 42 94 18 42 42 70 77 67 67 24 79 58 64 61 77 58 21 35 83 2 52 85 82 18 17 8 39 93 37 45 44 20 66 23 92 40 54 31 58 38 18 57 18 56 80 89 37 40 83 71 1 21 79 25 33 98 61 83 11 
46 21 98 99 60 40 4 92 8 73 42 82 18 21 37 42 13 45 38 4 52 4 68 2 46 19 90 58 51 27 77 89 77 80 67 23 59 4 20 1 71 76 61 94 81 83 22 22 70 36 23 58 62 37 40 68 5 40 89 4 62 26 26 22 
25 37 58 72 27 65 97 8 30 54 77 36 33 45 56 76 68 4 40 92 32 83 54 20 2 1 81 43 20 10 47 33 83 83 65 35 87 30 32 25 11 52 98 49 95 29 63 61 48 11 48 41 26 9 90 15 33 55 54 89 64 76 62 15 
36 52 7 75 77 43 4 92 18 85 43 4 94 19 40 31 88 97 94 33 88 0 44 82 98 49 72 72 29 64 93 90 17 78 28 19 92 14 45 55 57 52 26 91 52 5 92 71 34 18 46 34 88 76 27 15 5 71 6 49 72 20 2 88 
26 80 46 92 17 76 42 93 85 52 99 49 21 43 8 35 81 94 24 74 93 28 86 75 24 77 35 69 52 23 22 81 18 35 27 11 16 2 65 70 52 99 66 14 3 45 85 76 33 25 30 56 61 54 23 72 84 25 55 96 36 24 13 63 
20 81 34 90 10 1 18 75 22 89 26 15 0 98 64 47 90 57 39 38 19 82 28 26 82 45 84 54 52 86 35 62 87 46 15 48 78 2 43 35 31 93 82 9 55 24 98 82 31 73 85 38 0 35 83 4 76 85 47 47 60 5 63 46 
59 54 23 36 69 85 70 67 43 71 87 40 16 8 7 51 42 92 62 94 91 69 32 68 53 5 76 54 99 26 16 70 19 78 69 43 83 24 51 29 46 13 22 50 27 23 25 19 73 84 22 22 80 79 77 45 36 98 70 90 54 62 7 53 
6 41 60 95 47 63 75 4 92 87 43 3 55 49 85 22 23 50 62 48 19 91 14 60 60 59 59 90 18 82 5 10 43 56 97 95 13 4 17 53 29 25 28 0 10 26 87 83 15 81 13 88 66 52 44 39 73 90 73 98 59 34 63 53 
8 89 95 27 30 14 49 93 58 17 84 95 57 27 2 41 88 90 67 66 62 53 94 87 97 38 12 53 76 7 47 19 71 39 7 42 77 34 85 78 60 7 63 79 71 57 75 29 84 41 72 34 55 6 49 50 6 85 27 51 32 46 2 7 
20 29 8 56 81 93 38 88 42 22 46 57 80 15 30 23 77 52 49 71 42 65 10 79 57 16 72 74 89 76 1 47 38 72 88 38 3 96 94 9 49 59 88 26 56 37 5 41 22 47 72 54 53 50 45 65 2 41 27 48 79 29 16 84 
17 26 47 62 19 69 72 36 39 75 80 52 51 64 98 54 3 18 36 1 22 25 33 84 38 22 73 43 77 6 90 73 32 62 3 50 59 65 28 46 31 55 64 26 0 88 12 80 68 34 29 34 47 77 71 53 21 39 25 84 62 30 55 33 
82 93 99 20 66 49 85 53 57 23 48 99 62 57 5 31 96 55 70 40 70 70 69 96 67 33 17 48 59 96 52 39 61 68 11 27 31 63 90 22 31 92 19 64 29 75 97 84 74 72 3 56 22 70 27 65 92 20 38 89 24 31 10 90 
32 17 87 19 7 69 26 57 82 72 22 29 11 0 7 49 34 52 99 70 97 44 60 33 51 15 38 69 72 81 75 28 55 25 34 70 26 14 79 81 83 60 24 10 34 26 33 74 15 23 67 5 74 72 49 94 2 31 58 21 53 97 92 27 
55 44 59 10 44 19 10 55 77 10 4 79 21 22 51 49 99 91 7 15 24 64 13 88 50 33 99 12 64 45 64 20 44 50 60 18 49 66 0 82 7 45 84 14 77 34 97 57 35 38 18 53 62 25 41 80 94 38 9 35 52 27 81 37 
20 55 12 99 22 28 39 10 50 69 42 20 45 12 23 3 8 88 48 59 89 2 18 45 87 38 3 36 93 17 30 59 28 64 30 70 59 61 78 55 40 59 25 90 57 39 63 29 33 19 68 50 2 74 27 87 43 49 70 70 9 62 41 49 
24 58 93 48 7 76 44 41 73 14 56 67 62 36 83 31 27 71 0 80 80 69 33 55 72 20 65 58 6 32 82 3 27 59 98 82 20 45 55 77 55 16 42 26 38 48 1 11 60 25 64 93 84 36 16 37 82 67 64 77 54 54 14 68 
41 17 58 27 97 60 65 82 73 39 62 57 38 74 18 66 45 42 33 72 56 56 28 49 42 62 98 29 59 67 78 8 11 30 47 52 38 93 5 22 72 39 87 20 67 73 43 97 10 21 4 56 2 79 26 86 57 33 48 17 50 87 40 58 
10 58 75 58 4 62 15 79 55 75 98 3 25 66 62 41 4 91 80 4 89 15 44 43 4 46 84 69 17 79 91 87 11 84 35 86 62 63 23 52 94 76 77 89 63 93 64 30 2 44 71 15 0 15 2 84 51 88 28 70 45 78 73 57 
25 15 0 88 8 73 65 34 96 0 3 59 83 85 72 49 70 88 0 88 32 24 36 86 45 99 62 82 51 29 34 72 79 54 32 10 2 57 93 87 24 67 2 55 4 23 6 23 75 42 25 93 28 23 99 31 25 30 72 41 55 99 85 74 
79 42 96 64 97 25 80 16 81 22 73 47 20 13 93 91 61 87 84 83 32 26 3 13 9 70 78 28 63 0 84 93 53 56 43 72 31 82 54 94 80 88 60 65 39 41 62 58 3 27 46 84 59 58 77 27 50 77 72 39 40 68 89 53 
0 61 70 20 16 55 92 32 55 59 89 99 57 40 26 35 24 15 98 32 6 71 69 27 82 10 18 88 95 54 59 19 24 27 15 62 64 63 24 67 57 85 68 69 1 21 25 85 23 73 26 81 44 87 23 99 93 20 45 49 90 7 52 29 
27 57 49 25 14 81 18 48 91 55 75 4 36 35 48 50 72 67 25 34 65 33 75 19 64 69 78 72 9 42 97 58 75 62 44 22 40 56 60 81 84 57 93 40 5 46 22 1 10 7 8 22 36 16 73 39 13 5 56 63 91 15 56 49 
74 42 49 12 44 76 83 1 99 99 87 74 85 34 83 70 25 84 65 27 78 43 44 49 18 89 22 94 84 61 23 76 67 71 43 54 81 92 1 23 41 73 48 42 7 61 26 73 89 9 85 99 42 12 65 34 32 8 66 97 69 36 7 42 
