58 86 77 51 37 10 74 33 8 64 66 46 0 7 11 74 29 50 71 94 11 13 97 86 6 35 9 62 36 72 4 43 98 25 75 0 73 33 21 88 85 87 21 27 39 51 47 28 6 33 93 35 76 55 22 99 50 43 70 25 71 31 12 4
53 23 57 17 29 71 87 97 26 65 47 53 58 53 69 45 48 55 15 92 49 72 37 32 76 61 35 30 12 15 72 83 10 4 79 9 72 32 86 18 94 39 93 61 90 39 86 63 48 45 50 86 92 47 6 10 54 34 78 14 58 5 27 48
53 46 67 2 20 78 96 12 80 93 28 33 36 59 93 82 79 26 97 66 81 37 80 29 83 24 32 13 90 83 46 74 5 50 74 5 68 5 92 48 41 9 76 87 76 42 31 87 13 71 21 25 85 7 63 66 63 61 21 17 18 77 81 91
68 19 95 69 96 57 94 1 26 4 93 91 51 83 47 19 91 76 17 78 34 0 90 90 89 86 27 17 8 28 82 26 98 78 71 27 68 92 30 77 73 11 93 98 45 93 59 10 14 34 82 91 96 52 23 67 97 93 65 61 70 0 78 20
93 32 61 21 14 97 92 56 85 33 95 50 54 83 49 62 70 85 69 17 77 6 74 19 57 24 1 44 63 79 36 57 83 75 31 97 2 13 52 66 55 8 0 79 83 91 87 22 26 44 74 19 10 93 30 60 14 46 26 37 86 28 18 6
61 55 49 1 54 68 98 49 26 31 74 12 6 78 15 10 17 37 32 66 90 19 2 69 7 13 18 50 88 88 17 18 19 75 20 66 79 5 81 13 98 63 73 50 32 80 56 26 11 50 51 7 76 38 42 24 87 92 36 65 18 19 28 58
21 20 50 72 76 76 50 1 26 72 46 48 73 30 15 52 53 28 14 30 35 78 81 17 7 14 77 3 7 18 46 33 28 86 28 26 35 75 39 62 13 47 19 57 66 63 23 57 33 71 33 34 98 13 76 4 68 38 86 44 24 37 27 11
58 16 40 36 92 96 69 3 99 99 49 93 39 39 91 71 3 26 8 58 68 68 45 52 7 31 19 6 33 91 28 12 48 55 28 13 41 45 80 27 85 29 36 54 27 22 84 73 81 61 59 59 49 71 11 40 86 28 99 89 89 50 85 60
51 57 95 84 17 24 43 1 78 39 29 0 52 87 61 69 15 2 33 17 5 87 95 89 75 19 93 25 98 6 3 77 94 49 81 3 45 22 85 17 12 93 7 80 76 29 3 26 80 37 79 20 24 37 69 80 79 1 71 80 51 57 14 43
84 55 16 79 39 48 81 65 54 67 64 72 2 64 95 72 37 40 17 71 80 87 12 41 5 56 85 31 45 86 97 58 62 73 81 25 93 64 57 65 70 20 95 77 7 90 52 7 85 0 49 85 41 64 19 82 15 38 75 80 69 60 51 10
68 50 47 16 37 36 41 15 75 82 92 12 73 4 66 6 79 66 40 8 96 40 45 73 15 61 87 85 43 57 63 25 82 79 52 2 91 70 95 51 80 64 71 73 50 90 85 40 63 77 49 76 66 65 9 82 37 66 61 70 26 87 1 83
50 79 11 17 29 98 92 50 27 70 55 26 45 20 40 95 22 43 95 65 36 20 0 53 10 54 51 45 36 62 73 48 96 3 12 43 62 5 15 27 48 18 26 96 34 84 53 33 0 27 56 19 65 20 74 3 29 48 21 81 69 55 46 9
49 58 99 79 22 73 50 55 1 51 87 28 20 38 46 61 27 76 0 48 39 63 29 83 52 42 18 24 68 7 56 10 61 91 82 11 61 41 80 84 88 12 68 4 9 75 14 61 2 46 21 64 74 30 39 70 50 40 59 96 53 63 43 2
16 32 55 36 54 51 29 29 99 29 20 9 5 60 27 96 11 5 80 22 6 73 43 35 80 61 67 12 63 73 54 16 88 79 12 81 57 74 74 97 81 67 47 46 74 36 79 76 23 4 64 21 7 13 50 50 4 85 46 5 62 37 40 18
60 18 78 95 53 8 0 6 13 1 16 59 85 18 79 21 82 60 5 25 41 28 85 8 41 56 98 12 33 44 61 70 98 31 52 91 46 73 75 70 10 91 96 0 80 45 44 8 4 13 79 24 47 50 82 59 96 27 24 26 2 64 21 49
82 38 45 38 93 77 64 97 68 66 0 42 36 58 87 36 17 3 80 20 1 41 98 67 65 24 81 2 92 11 63 94 54 50 86 84 44 70 19 71 72 85 19 73 81 25 25 3 58 92 30 80 77 70 21 77 73 1 70 12 10 63 70 92
99 35 61 86 62 70 74 83 81 94 50 82 44 56 32 17 94 41 29 45 37 92 16 37 62 55 23 84 75 7 94 22 28 83 40 6 64 20 14 68 22 94 38 79 95 55 81 55 42 2 45 87 63 57 66 24 13 79 54 49 57 22 59 66
28 18 22 74 11 48 30 85 89 72 76 99 41 69 88 29 17 12 60 84 16 84 27 43 84 14 21 37 56 56 4 6 64 29 19 28 42 6 48 69 24 62 36 84 25 70 83 23 58 40 27 85 99 98 98 58 40 90 89 24 48 4 55 50
47 6 71 75 9 94 74 79 60 91 4 61 50 78 16 58 73 19 67 38 48 18 81 36 70 24 4 14 26 99 28 18 57 24 29 86 14 96 86 19 37 44 19 39 2 40 94 23 49 36 25 94 79 95 8 41 34 95 33 80 31 7 30 89
50 21 48 12 57 87 74 19 12 52 61 91 88 78 92 25 62 52 66 4 25 52 34 83 3 22 68 29 78 34 78 7 90 77 80 86 25 55 0 37 5 68 66 28 26 14 56 36 32 27 47 22 11 46 44 35 37 36 78 17 96 78 82 98
12 7 69 59 24 67 97 16 98 61 94 67 54 40 32 5 16 21 76 91 14 32 27 53 0 10 71 48 3 95 32 58 21 53 48 32 12 11 73 32 26 83 62 35 44 13 51 64 23 92 6 92 71 32 67 86 73 68 28 96 58 23 74 81
22 93 59 79 63 30 9 52 66 72 21 44 86 30 74 19 45 18 72 24 37 84 17 63 37 11 9 15 5 54 23 14 69 60 83 61 93 4 36 66 43 35 45 7 28 70 40 53 21 33 8 13 58 96 9 95 95 54 54 52 55 34 78 41
56 86 71 29 53 23 68 12 15 76 58 83 17 35 74 13 1 70 40 73 45 95 54 10 74 18 43 8 85 14 55 27 70 53 52 90 10 19 5 87 41 24 33 71 58 27 3 61 56 3 91 71 80 68 83 42 31 33 35 29 6 56 41 36
9 96 83 82 55 97 33 2 96 14 49 2 82 57 56 61 78 78 93 99 61 64 80 17 42 22 91 80 38 94 2 88 22 44 39 36 33 7 68 85 3 0 39 22 18 2 17 12 99 23 89 3 55 36 86 72 36 60 80 33 17 21 29 14
82 33 97 73 47 69 72 50 67 52 49 94 13 14 14 8 53 20 33 15 80 76 4 25 20 26 0 64 39 41 12 13 0 17 89 68 89 20 68 99 31 51 46 78 41 45 64 26 15 17 67 41 76 4 39 54 37 79 21 65 50 7 72 93
10 64 13 61 97 35 79 4 40 57 40 96 14 30 63 36 76 11 45 58 66 3 47 82 54 10 88 77 88 62 88 44 69 36 60 26 7 41 98 70 96 10 44 7 58 57 44 36 85 26 5 84 49 66 87 33 65 87 95 96 81 57 12 6
4 16 48 85 9 8 83 54 89 74 53 51 83 57 11 47 57 30 41 67 65 43 89 56 96 62 41 34 16 92 5 15 38 85 27 23 62 89 72 78 21 62 63 54 19 67 43 23 95 48 41 26 42 19 52 30 25 60 86 79 99 10 54 29
93 5 14 57 21 62 78 73 1 37 34 43 20 35 96 49 50 40 80 52 13 24 42 91 75 55 36 76 75 69 14 15 16 30 45 43 91 8 13 65 47 36 72 79 93 22 56 59 24 44 10 69 66 2 18 24 59 65 92 41 72 88 8 23
39 27 84 49 68 38 9 15 22 28 88 90 30 38 18 26 12 13 58 89 3 14 35 17 4 54 17 31 34 64 80 9 64 99 23 14 7 44 61 88 47 15 63 10 16 52 83 19 38 26 40 1 52 6 19 46 56 81 36 92 94 40 38 96
11 46 0 93 53 43 47 3 10 46 29 53 63 70 11 74 8 39 55 69 12 27 47 55 58 81 1 59 61 24 32 67 83 19 7 57 55 15 97 34 41 39 59 84 86 78 3 49 14 48 11 79 34 85 89 42 73 44 96 97 96 74 7 21
4 28 19 31 75 86 87 78 63 11 89 81 8 80 52 51 55 9 95 59 17 48 97 43 9 11 76 15 15 24 21 82 79 2 36 50 35 81 36 64 43 51 26 18 78 9 90 51 52 88 16 65 52 82 63 69 79 68 60 33 2 43 9 21
60 4 47 55 21 42 97 32 34 69 4 56 64 56 90 84 49 84 10 1 14 79 62 53 24 40 72 9 84 77 9 75 45 0 0 73 81 78 51 83 60 84 80 49 89 40 80 2 81 34 80 13 28 35 41 29 35 76 79 62 19 18 55 23
65 59 26 85 91 13 28 95 63 49 45 70 54 64 87 31 11 99 36 51 98 14 70 2 42 1 49 6 28 38 99 0 50 73 16 10 63 45 1 9 16 18 38 32 30 27 67 32 31 6 26 2 50 72 96 85 51 1 81 65 73 74 64 22
54 22 88 65 60 6 44 38 21 79 59 3 86 87 49 43 17 19 60 8 58 2 52 73 4 0 35 79 5 12 60 16 97 99 43 73 42 69 15 17 47 54 57 51 68 78 79 75 94 57 42 5 34 35 1 86 66 89 22 27 37 57 58 33
8 18 88 60 91 5 5 47 77 10 3 74 17 86 63 28 50 55 46 14 78 98 21 24 56 66 37 11 85 48 7 13 86 7 54 71 12 89 40 70 36 44 0 10 35 42 7 18 67 91 79 72 9 60 3 1 13 60 20 45 88 53 52 14
31 69 89 11 12 64 87 15 70 48 51 8 58 94 10 86 39 1 21 34 60 96 70 95 63 60 61 0 98 48 69 86 88 74 78 98 6 67 96 66 51 74 33 64 6 94 13 42 36 72 20 98 53 23 32 55 51 72 5 98 59 28 81 67
4 79 81 98 15 79 70 56 68 51 74 3 59 23 23 19 62 41 18 82 33 34 91 96 66 24 79 46 35 44 81 48 51 76 2 84 18 78 26 46 32 37 4 7 88 96 24 84 29 59 17 0 4 83 70 1 21 71 20 99 98 76 55 45
64 72 4 98 18 51 74 84 81 90 4 91 19 88 70 35 25 60 99 99 91 72 8 85 61 2 38 80 85 83 95 27 85 35 77 41 62 42 84 62 24 28 84 45 41 57 89 30 10 92 52 93 24 10 58 76 90 8 70 49 85 48 78 7
89 11 21 46 49 49 8 49 33 2 27 29 58 95 52 5 67 24 95 67 87 0 31 79 80 83 26 63 88 61 48 61 85 34 71 59 91 41 57 23 24 93 46 82 85 76 78 28 54 81 17 40 71 14 58 95 82 70 48 26 43 5 42 3
12 89 8 97 48 20 5 88 55 11 77 42 25 53 96 8 69 58 10 56 29 13 3 52 87 13 39 77 44 37 22 85 81 89 16 72 21 21 27 46 36 53 75 29 57 52 73 45 80 94 32 35 91 17 44 32 45 29 85 82 42 88 46 83
2 89 23 38 96 8 74 51 17 9 7 16 90 91 57 24 96 36 33 11 76 39 91 13 3 20 33 24 59 93 23 57 88 31 42 56 19 98 46 11 56 40 31 75 15 22 38 32 19 79 52 29 49 18 4 50 9 80 16 76 38 86 84 6
95 72 46 61 60 73 54 32 25 85 33 62 32 72 39 11 2 11 22 85 66 29 6 40 8 87 30 54 14 74 85 71 92 68 75 5 54 25 51 79 9 18 47 31 55 91 46 21 5 83 22 40 77 10 53 59 16 9 70 30 43 93 71 98
82 13 90 30 65 62 53 33 47 46 78 1 22 7 17 51 66 30 1 13 35 73 68 74 27 93 82 14 92 64 93 15 63 62 0 64 45 65 38 9 84 54 83 55 91 81 8 61 20 8 85 8 1 76 35 58 73 20 20 70 43 74 48 11
68 93 64 99 68 13 96 32 22 41 29 70 94 94 25 81 20 9 24 48 97 33 19 34 52 4 18 96 62 60 88 70 13 69 36 19 4 70 66 18 30 73 72 9 89 73 33 45 66 66 24 32 6 4 41 68 61 66 90 70 68 30 16 22
29 74 72 66 9 39 30 87 87 12 64 98 19 42 70 35 98 61 51 17 72 46 15 87 2 15 87 48 32 19 87 90 3 89 34 81 68 26 13 65 31 7 11 43 14 95 52 84 42 51 26 21 4 50 41 14 81 95 27 30 76 58 29 91
32 64 83 42 75 63 76 87 89 27 54 66 30 95 19 6 98 14 57 39 23 96 22 76 65 80 38 13 78 94 87 25 9 86 93 18 9 99 25 67 57 90 44 26 20 76 56 62 67 48 19 72 61 53 30 76 65 56 52 84 9 21 2 70
49 60 33 33 23 40 7 73 84 7 74 74 50 72 30 76 56 32 73 11 87 21 10 63 16 45 65 30 23 30 29 37 72 34 33 10 48 9 19 0 63 93 22 80 87 23 22 95 76 11 23 98 22 5 81 89 20 79 14 27 41 32 73 63
98 21 55 79 74 56 90 93 0 44 4 14 62 86 56 65 31 60 90 79 6 15 36 81 52 33 60 48 39 44 24 80 19 50 49 37 66 89 78 42 65 7 50 79 54 95 57 32 75 82 99 40 24 51 68 81 33 14 51 22 61 28 98 9
44 49 5 3 9 73 84 51 69 76 29 7 49 1 28 66 50 71 37 5 23 18 34 57 97 40 44 82 79 64 8 2 45 52 71 2 94 54 59 51 61 87 57 48 44 1 39 98 8 82 0 88 19 87 77 91 84 92 71 20 38 24 5 70
2 11 86 46 85 31 83 58 59 4 27 44 5 57 73 56 15 6 28 64 85 55 90 43 70 95 49 28 13 84 35 15 66 65 51 59 37 23 28 88 23 62 91 50 96 75 82 78 83 18 42 83 47 10 40 23 18 22 61 0 41 70 99 19
75 40 18 52 13 74 18 13 46 1 92 76 30 55 27 8 35 68 36 16 27 82 75 7 24 81 41 32 83 48 51 67 19 32 86 22 43 38 98 12 85 71 9 58 43 31 25 97 22 94 69 62 76 78 93 66 38 88 9 53 76 4 72 54
36 12 25 87 43 30 33 93 13 36 25 68 86 42 54 76 16 26 60 47 55 91 27 32 53 99 15 59 91 62 59 20 63 91 60 89 64 31 2 81 31 29 19 75 40 13 52 41 83 58 47 65 91 16 86 4 96 78 87 63 94 54 92 56
58 75 99 58 53 68 82 48 68 92 52 18 38 68 51 87 58 78 3 77 29 28 11 31 75 14 22 96 69 15 82 60 3 43 41 24 69 20 43 38 48 81 59 95 99 66 41 87 70 26 39 37 38 24 56 50 99 21 87 66 33 65 22 45
18 5 83 40 31 55 77 35 45 37 22 68 88 18 3 93 24 63 14 57 14 71 21 87 69 85 83 92 5 14 4 53 78 53 61 57 65 40 38 28 92 13 19 36 45 8 9 2 6 18 37 39 20 60 56 68 75 35 14 60 88 67 50 42
84 88 6 48 55 36 81 16 89 41 73 64 39 74 66 11 70 14 88 29 6 50 50 28 99 21 23 90 84 22 69 37 22 11 16 77 50 91 23 17 13 50 4 53 15 45 34 45 87 33 26 78 75 66 5 41 77 49 14 17 55 0 81 88
87 76 91 19 47 97 28 38 58 75 16 67 89 37 61 54 81 78 94 7 26 20 0 60 74 53 57 9 75 23 56 2 36 55 78 94 33 12 0 19 74 83 63 33 5 18 51 67 50 12 24 72 11 11 54 12 92 11 65 50 75 60 15 29
58 15 54 13 37 98 56 17 17 22 61 15 96 5 45 61 61 50 13 82 55 16 50 61 70 43 43 87 20 97 77 78 38 34 45 9 83 33 44 34 31 80 3 44 79 66 55 26 13 19 62 10 81 35 92 43 39 40 50 89 75 76 81 65
49 26 53 26 39 93 23 17 83 19 75 98 1 18 71 83 81 50 73 74 58 51 72 29 83 3 90 92 56 34 71 74 83 56 57 47 84 6 58 64 77 42 82 22 44 83 92 8 56 45 27 14 0 34 63 18 32 76 70 38 63 44 17 70
7 15 69 44 71 34 17 25 30 10 74 61 17 82 52 67 58 40 42 36 32 89 4 87 22 40 30 84 54 84 43 18 50 72 55 0 74 19 72 3 67 26 83 14 12 0 95 62 54 83 21 51 52 93 81 51 21 57 3 86 77 81 76 32
39 26 73 42 58 2 88 77 7 36 55 96 64 27 59 66 86 47 69 84 66 19 73 63 32 92 6 85 42 54 19 89 49 54 23 2 52 0 57 69 50 10 97 82 24 19 96 56 44 76 84 95 65 73 94 80 14 75 64 80 19 63 90 85
57 69 61 77 84 45 9 82 94 3 94 1 43 18 44 99 41 14 34 10 15 48 26 30 44 13 73 38 38 81 82 58 79 8 26 25 25 84 3 27 20 85 49 69 73 94 27 21 42 17 77 53 39 27 80 48 28 40 0 49 95 99 14 0
71 61 43 54 45 59 64 7 65 76 17 54 47 62 46 30 36 99 16 79 20 32 39 59 24 24 45 99 10 56 30 50 61 91 29 56 60 43 12 33 84 94 36 80 74 47 97 23 11 33 86 61 52 5 77 56 53 15 20 30 60 4 74 13
92 2 68 78 33 4 89 32 27 2 25 26 33 93 43 14 67 91 24 81 38 20 44 29 58 44 9 74 45 55 80 55 36 22 33 37 76 41 7 98 56 55 68 24 70 66 92 93 30 83 71 59 29 62 76 27 11 39 4 20 33 27 18 48
15 8 4 93 84 16 55 44 30 92 93 26 56 72 17 46 15 6 43 84 32 97 68 70 61 66 5 23 76 41 55 10 41 61 61 25 27 68 70 65 32 56 89 98 85 28 2 52 85 15 22 80 34 24 9 58 46 38 3 68 94 52 57 75
