3.64 45.94 87.62 88.91 86.33 83.77 80.44 77.87 24.88 96.86 18.34 4.53 82.5 60.85 50.72 81.22 36.59 9.0 50.67 73.47 92.12 82.95 81.75 41.01 34.9 76.04 62.55 36.37 81.26 17.34 65.63 39.22 65.12 13.9 31.64 68.66 91.06 33.14 66.41 11.48 31.0 61.76 63.19 57.48 80.77 66.64 44.3 37.67 69.57 15.92 23.55 67.53 61.5 62.57 50.33 93.23 81.09 95.9 5.14 35.48 23.89 83.33 25.45 85.61
63.04 99.75 98.13 22.15 75.13 98.03 92.0 66.39 29.0 25.41 93.51 37.77 11.19 63.56 59.27 22.72 30.86 8.48 52.93 31.05 57.58 22.37 97.66 90.36 67.94 10.09 23.98 1.8 32.53 59.84 87.48 34.56 58.1 62.99 68.65 99.37 45.2 50.75 16.39 20.15 74.3 57.42 71.26 96.26 31.29 22.06 17.1 61.49 53.7 0.34 42.0 43.6 51.19 8.14 98.49 63.4 47.52 42.78 9.21 19.48 79.48 73.89 13.02 18.01
54.79 43.95 96.72 40.59 33.13 97.29 87.01 74.52 29.55 35.07 19.34 38.92 17.71 28.9 58.21 79.23 51.04 48.29 11.86 2.34 44.38 18.65 12.74 77.13 30.71 15.79 2.52 6.19 14.11 86.7 87.3 59.12 55.75 60.16 91.1 20.92 90.5 49.28 83.42 2.68 77.44 44.7 81.13 43.65 10.39 19.58 61.99 40.16 81.66 58.16 78.72 4.47 7.47 64.73 57.73 39.76 6.73 87.23 62.84 96.2 56.36 53.38 84.93 59.57
44.81 45.56 32.79 66.07 76.62 17.44 83.45 48.62 42.56 92.23 94.0 2.02 34.86 39.22 84.39 8.5 51.45 47.38 15.34 66.88 59.91 59.79 49.84 0.76 32.81 63.7 84.71 77.54 16.65 55.62 27.39 30.73 19.34 2.06 59.86 69.52 64.48 42.45 27.33 28.0 85.88 55.01 88.13 59.83 51.01 30.78 60.38 74.89 85.58 25.64 48.83 12.63 47.9 65.29 99.83 44.97 78.22 26.83 91.52 47.84 82.27 56.02 24.89 10.9
48.4 98.89 56.58 66.98 95.41 77.85 48.6 47.1 59.99 87.96 91.75 66.13 34.56 6.41 34.89 41.27 23.83 46.99 31.89 3.31 90.18 75.81 54.11 97.18 54.3 15.41 25.19 80.53 7.66 89.33 42.04 28.41 10.99 9.51 0.28 33.44 11.94 72.41 64.78 83.1 96.85 55.3 33.14 85.4 89.95 93.66 12.71 40.51 33.69 47.69 13.25 81.7 32.34 85.32 21.45 44.32 46.4 68.32 97.99 89.58 49.45 51.31 23.31 51.31
99.05 29.86 92.14 31.9 41.94 90.38 84.31 44.38 3.64 18.42 93.9 0.06 42.12 95.1 90.86 12.9 67.03 95.21 88.78 72.16 36.64 49.31 68.06 52.59 49.65 70.56 0.11 46.12 66.81 91.04 5.51 26.06 89.88 84.32 83.34 13.94 79.01 76.47 37.34 26.23 65.91 57.13 49.49 14.3 22.48 99.19 50.22 50.81 10.27 21.85 27.74 94.23 18.08 22.61 4.21 48.7 60.28 89.89 41.64 92.37 5.17 21.04 22.7 71.71
46.41 81.28 36.45 26.97 1.71 82.03 91.92 19.33 79.65 84.45 35.56 12.76 71.06 66.77 47.54 0.47 43.31 81.54 11.74 81.41 4.41 9.77 8.24 15.59 21.86 51.52 34.64 3.17 46.39 83.22 42.75 50.68 52.9 60.03 54.69 73.6 94.14 0.64 60.01 5.99 25.96 55.71 10.75 89.22 83.76 50.55 89.83 6.07 48.36 5.65 92.03 22.62 60.28 87.14 45.9 36.6 73.61 43.54 18.56 9.17 40.57 82.41 69.69 31.28
54.15 47.34 19.24 66.69 24.19 64.98 13.4 52.43 98.25 77.16 11.23 29.41 60.18 92.18 25.95 51.1 59.32 60.51 77.92 91.83 11.0 63.28 81.18 38.36 32.62 70.44 43.13 12.93 60.2 53.91 8.57 70.27 1.18 4.57 84.36 85.75 50.52 74.08 63.8 85.97 19.21 97.96 61.1 76.98 32.63 24.94 65.8 55.02 97.95 85.14 11.6 70.65 76.87 7.72 58.63 54.45 20.21 89.59 39.7 34.37 30.42 90.49 53.29 32.89
18.64 32.57 49.73 13.05 41.02 71.98 88.02 10.63 28.45 92.13 74.96 75.14 76.41 10.12 44.38 12.53 59.98 73.52 92.4 11.04 17.05 80.1 82.12 94.54 76.98 90.43 28.13 6.97 6.77 92.29 21.01 32.05 90.48 92.62 64.95 86.99 21.28 66.1 93.24 55.4 47.65 13.99 69.46 53.88 74.29 3.51 83.0 96.19 47.01 76.72 7.47 42.53 41.49 59.55 45.32 41.85 35.77 14.76 67.67 32.55 33.28 65.68 74.87 96.93
26.81 90.2 93.38 17.28 54.65 88.27 57.97 50.09 13.78 17.47 56.1 16.68 40.04 14.35 41.9 89.67 39.15 96.44 74.77 76.86 38.53 63.9 47.14 69.78 9.36 13.87 5.83 45.89 25.54 41.63 85.12 42.53 69.02 63.16 90.59 72.06 25.3 95.83 11.04 36.42 18.61 49.24 3.27 63.06 40.47 3.3 12.71 4.29 3.49 39.82 53.9 99.23 74.04 86.84 51.71 20.31 95.41 31.86 84.29 88.3 91.29 0.03 15.35 79.81
84.86 93.91 49.45 32.9 71.21 32.15 77.64 78.04 45.46 60.23 23.38 93.3 68.24 34.85 21.8 86.27 2.44 92.64 1.72 82.74 74.44 10.93 52.91 53.89 16.97 15.61 14.21 57.87 69.75 72.64 60.08 41.73 64.51 37.46 42.11 36.3 72.71 58.8 38.96 27.82 59.59 23.85 83.13 1.24 10.96 94.01 34.97 9.86 80.07 99.34 89.94 95.19 34.04 34.18 90.63 60.3 53.8 3.64 74.2 75.64 19.5 23.54 31.27 97.68
37.59 45.18 47.68 69.78 1.16 21.97 49.3 7.47 60.56 58.25 21.3 64.02 25.92 69.4 93.02 17.07 48.14 0.12 98.44 27.55 8.42 81.81 36.98 22.12 4.52 1.77 41.4 68.71 50.99 74.85 46.38 45.43 7.09 16.84 9.56 72.49 58.4 7.81 71.07 50.55 20.07 65.83 49.92 68.06 19.0 89.8 15.8 29.54 43.05 29.48 67.91 83.57 21.61 51.2 87.18 48.98 79.22 4.08 9.97 29.86 97.63 56.44 3.11 85.99
66.63 76.86 95.85 43.08 22.87 85.89 61.22 48.15 56.92 97.93 12.04 98.92 25.09 3.01 89.16 19.5 29.88 73.12 89.64 33.3 80.04 14.21 59.36 14.18 33.62 37.89 57.04 18.87 29.64 36.22 70.02 89.28 52.08 69.13 14.97 72.73 34.99 67.16 33.38 25.76 28.78 97.18 62.07 63.0 31.14 33.05 79.33 23.99 97.63 14.59 56.23 19.08 75.23 64.87 9.07 24.62 97.14 20.65 75.78 72.71 20.98 48.84 36.04 32.33
49.27 32.7 54.41 62.73 58.04 40.98 47.7 0.7 47.5 79.35 20.26 58.36 12.89 43.16 27.18 80.16 5.46 19.29 97.22 25.45 42.8 7.34 56.81 61.45 37.04 91.42 24.19 81.7 37.23 92.12 30.5 64.9 63.65 88.32 43.07 5.75 29.99 46.51 21.35 3.66 83.76 15.63 0.63 6.79 77.35 67.25 15.74 28.82 86.59 24.85 49.71 4.62 27.88 63.76 1.57 0.2 31.06 85.24 94.18 65.35 39.04 94.39 4.02 78.31
5.25 91.77 17.12 28.14 33.34 10.53 11.56 85.74 57.81 47.47 36.48 39.52 26.72 37.89 58.71 87.75 78.23 56.05 20.35 54.02 12.01 39.33 72.26 59.58 56.7 54.32 43.17 53.11 26.38 53.33 56.76 14.51 11.37 97.76 89.55 45.36 72.78 85.12 94.94 61.56 86.49 41.67 91.94 58.85 42.56 0.13 97.38 87.85 38.91 48.85 98.81 62.19 96.35 37.07 0.93 70.87 64.4 86.16 60.65 11.34 25.43 73.77 32.73 66.6
7.44 90.98 13.53 22.83 31.58 51.2 46.44 47.26 49.49 32.89 35.12 96.02 84.6 80.52 96.91 45.7 52.1 19.02 61.07 94.14 85.09 93.64 33.43 62.48 35.84 32.54 92.65 54.79 55.61 37.36 66.19 67.66 6.31 87.87 43.09 57.01 90.07 12.11 27.3 44.61 58.12 40.6 16.73 36.97 90.6 74.31 10.63 64.2 43.67 11.75 99.89 77.09 19.77 44.69 63.28 10.07 8.75 92.04 26.75 82.72 76.44 15.08 3.75 73.42
65.89 57.71 81.96 59.16 41.91 96.42 36.98 14.44 20.14 88.25 26.93 85.37 59.67 93.74 41.89 46.01 55.56 71.54 2.88 89.43 0.83 44.54 60.99 73.2 30.49 63.99 38.47 17.13 58.92 23.06 55.14 5.66 60.71 41.57 38.62 55.88 57.99 26.59 9.83 47.36 22.36 45.29 67.01 39.82 93.45 22.85 35.01 13.58 95.95 81.85 46.21 9.72 70.88 77.74 77.21 65.62 72.74 5.0 74.68 29.19 54.81 84.4 96.05 47.89
29.78 63.23 39.25 17.09 92.16 74.28 69.33 78.13 34.6 74.67 39.3 7.98 24.58 75.41 18.79 80.02 82.26 98.48 17.59 10.07 71.83 23.87 5.98 36.56 82.96 52.99 52.55 86.68 4.32 42.12 94.14 83.54 77.7 78.01 45.6 80.58 17.08 95.56 53.62 90.65 2.23 71.76 39.53 80.42 52.85 77.57 75.4 88.11 43.48 9.08 90.37 53.8 85.68 30.75 67.4 67.89 65.14 97.69 91.76 90.96 87.91 77.34 59.19 6.42
39.32 19.31 61.21 91.9 88.44 73.71 18.53 80.6 77.25 84.56 84.04 92.69 79.78 3.35 12.7 26.8 94.15 99.03 20.43 99.04 46.18 44.51 52.35 64.54 9.9 15.04 49.24 10.89 90.05 98.0 31.94 41.59 73.94 51.61 65.9 79.93 81.68 18.93 56.05 57.71 53.95 9.13 70.79 85.03 54.81 35.73 95.41 71.91 87.49 96.76 77.05 22.82 1.94 21.21 60.77 39.35 21.8 91.31 95.54 79.91 20.65 4.84 7.39 25.29
41.64 70.1 69.23 42.63 26.61 68.22 29.24 48.5 64.48 45.38 46.39 29.62 44.3 75.15 15.35 31.89 46.16 93.21 15.63 65.12 21.46 31.94 53.08 12.26 41.9 18.9 9.35 61.78 48.98 90.37 18.11 10.01 82.63 18.05 58.92 30.68 61.89 34.3 97.88 1.68 6.82 86.47 73.33 23.31 70.82 87.6 56.95 81.85 75.96 57.64 19.05 9.96 48.91 86.1 83.37 9.04 94.83 93.28 50.59 35.43 34.87 54.56 65.99 72.46
1.24 34.12 33.37 32.29 37.09 76.75 70.21 62.09 71.5 3.95 60.18 26.05 18.81 94.58 18.34 46.11 85.35 75.9 48.99 70.53 60.83 14.5 21.8 67.43 57.37 91.88 70.63 79.63 49.25 44.25 2.05 87.7 46.81 64.82 91.36 53.46 89.46 39.17 78.46 16.63 90.62 54.67 90.68 12.73 68.68 95.59 23.12 29.33 93.9 73.47 73.05 17.39 51.23 7.78 29.46 15.81 35.96 44.8 79.15 93.1 27.78 57.12 52.84 44.72
57.18 36.84 55.21 20.03 61.38 88.54 9.09 55.01 11.22 78.73 4.8 21.33 66.43 39.62 61.05 72.69 95.76 41.23 91.78 75.2 96.45 39.65 57.34 89.62 71.18 84.9 68.76 3.12 90.21 77.68 75.1 31.4 97.15 47.07 16.43 65.32 56.36 9.1 68.19 45.59 6.19 74.26 57.03 81.1 77.09 43.74 42.99 52.09 86.7 92.44 55.79 31.59 59.01 65.91 61.71 1.7 53.63 2.55 27.01 52.12 35.14 2.52 8.74 45.66
18.43 67.78 1.91 28.86 41.18 15.05 1.86 15.05 50.92 27.91 14.87 86.26 94.91 45.85 97.08 12.24 78.52 72.7 20.2 21.4 8.03 88.48 11.17 35.12 42.45 89.84 82.93 45.3 59.49 8.19 76.68 37.89 90.44 93.13 0.12 68.6 39.86 42.13 45.27 67.78 21.21 49.74 44.89 60.88 30.67 47.35 28.76 60.4 69.24 73.41 64.83 64.11 37.9 53.07 60.27 67.67 58.76 59.02 35.27 89.11 73.88 15.86 50.08 53.32
81.46 86.04 83.81 63.07 67.75 80.68 29.71 90.9 98.11 51.36 41.6 43.52 20.61 28.98 38.09 50.78 41.57 62.93 83.37 50.81 88.09 40.42 40.65 0.7 96.79 61.49 54.09 11.81 79.5 1.4 29.28 97.91 89.93 10.21 66.23 75.2 80.06 84.94 98.5 87.38 32.26 44.64 29.51 94.75 93.41 81.7 30.76 30.55 88.95 0.87 65.58 73.48 85.99 58.84 41.85 32.32 7.08 6.62 52.36 48.4 22.58 25.53 68.47 55.36
10.88 35.79 67.26 48.04 52.35 17.76 27.99 64.61 26.28 67.7 48.47 27.91 66.73 10.31 22.64 15.7 47.94 17.44 69.96 34.97 74.78 81.7 65.87 8.42 46.65 65.03 72.43 3.97 82.11 27.07 13.95 43.87 89.75 16.02 80.44 43.57 94.6 53.83 96.8 3.17 15.37 72.97 97.59 83.89 85.8 59.38 0.74 4.72 86.19 75.67 65.84 40.13 43.64 35.89 10.99 61.55 67.99 34.15 9.34 3.49 19.59 33.39 17.17 83.71
9.23 7.29 62.58 87.33 73.03 7.09 5.87 33.26 0.54 99.47 36.03 42.46 81.99 52.08 72.25 12.18 51.75 36.51 42.38 20.83 72.56 0.41 44.99 17.78 28.82 30.06 58.69 80.18 59.37 54.52 54.83 72.03 6.68 93.55 45.28 71.57 83.45 39.39 39.63 33.73 66.91 22.39 65.28 22.16 90.85 81.74 14.98 43.05 64.85 80.83 13.01 46.79 58.51 65.55 69.5 52.39 8.34 75.8 45.45 4.9 9.27 59.86 1.03 37.45
48.37 30.87 68.96 93.84 90.01 15.73 20.63 62.89 13.37 14.73 79.61 27.34 49.77 87.85 35.24 74.58 93.96 2.09 69.11 51.18 73.67 96.08 96.42 5.25 66.91 64.46 42.2 74.03 68.55 23.16 26.59 1.96 86.05 62.33 52.38 98.71 48.45 67.24 54.23 97.02 87.82 56.1 69.73 32.96 93.5 44.23 63.19 3.31 13.61 1.31 19.11 62.09 59.15 77.99 95.67 7.91 5.94 1.11 58.31 95.35 41.85 77.19 27.6 66.5
83.88 49.09 92.97 75.33 60.28 79.54 71.6 41.67 87.8 16.54 87.49 90.91 15.7 67.11 96.03 28.33 6.55 34.96 25.16 5.07 29.97 17.52 68.63 23.74 96.36 3.3 58.45 8.14 15.33 10.18 80.45 59.7 3.29 83.2 2.35 13.06 91.86 52.37 17.46 98.79 58.71 51.16 20.01 3.76 97.97 85.44 9.11 94.6 15.45 31.36 78.26 62.78 37.04 8.81 10.91 42.66 68.58 94.03 1.12 60.31 79.53 52.24 80.67 14.57
42.38 82.17 0.73 96.37 6.36 54.58 38.78 40.16 44.62 56.98 72.69 87.05 12.73 97.44 57.74 43.34 19.8 97.17 15.66 85.7 9.95 44.36 15.49 62.56 49.56 91.96 79.68 43.67 9.91 95.97 69.38 78.89 20.87 56.61 37.85 18.03 75.62 95.39 45.34 25.23 26.46 21.6 22.98 77.48 73.5 14.83 92.79 63.66 37.1 61.91 85.52 59.25 87.16 14.87 19.44 66.0 2.34 0.71 32.86 88.53 33.84 64.41 18.27 85.96
57.49 41.98 7.05 31.59 8.24 11.96 7.85 53.02 80.24 35.1 59.42 50.36 96.18 44.85 37.56 66.29 71.65 37.35 75.01 97.23 72.67 99.11 53.99 88.33 35.65 79.38 55.16 39.85 87.0 70.04 74.72 19.57 85.07 43.31 2.08 25.19 98.3 48.08 19.25 65.35 12.96 74.08 87.08 93.71 12.13 48.84 53.1 5.49 89.41 46.0 38.13 88.5 97.31 93.9 73.08 64.44 94.7 69.36 8.63 79.43 47.86 37.0 40.06 63.57
75.56 29.08 28.92 7.14 41.9 64.94 48.98 58.48 85.43 24.68 71.51 8.62 9.72 54.58 93.66 35.48 36.02 1.06 77.73 15.86 98.46 71.75 98.28 19.13 15.54 57.17 65.41 92.2 88.83 11.05 13.69 33.56 68.48 83.44 83.99 71.29 5.2 83.73 2.55 47.49 81.7 20.72 65.73 57.91 59.6 33.16 62.34 43.52 46.31 91.52 48.31 62.74 54.11 2.69 0.99 84.83 35.4 20.37 43.63 93.69 77.28 79.37 68.18 20.18
74.82 66.6 92.71 53.99 65.62 60.82 32.12 40.85 24.87 19.76 6.58 17.86 82.11 1.3 93.96 44.67 41.8 54.71 25.39 90.47 72.58 27.6 95.13 27.74 10.42 35.08 57.17 74.82 90.28 54.66 40.92 4.48 5.21 76.45 95.56 16.96 76.99 58.13 62.52 65.33 97.44 62.19 32.16 19.76 99.01 6.51 50.71 51.31 51.4 20.05 63.68 81.19 98.72 32.97 30.74 91.49 59.76 91.4 83.61 42.37 65.25 78.28 49.3 89.46
46.79 28.48 79.12 97.63 62.13 48.62 6.34 9.79 32.62 92.88 46.49 48.74 0.07 29.19 89.4 59.51 31.05 50.3 69.6 1.46 94.69 61.39 78.07 41.49 78.48 87.62 21.9 98.63 88.24 42.74 40.79 11.01 92.58 30.26 35.4 13.01 30.05 4.78 27.87 28.33 3.66 84.71 31.45 70.11 97.15 86.0 50.14 29.46 22.27 42.76 46.12 9.28 42.63 94.67 41.5 12.35 5.19 23.64 72.92 78.5 57.86 79.9 34.85 33.4
56.18 83.56 85.41 85.0 0.05 77.15 75.91 45.71 91.49 72.0 25.69 39.76 59.97 49.19 48.37 79.77 41.08 75.98 80.57 20.71 82.47 62.91 95.59 79.1 16.18 72.01 75.84 49.63 4.12 1.74 33.85 33.5 81.94 28.13 60.42 26.01 45.85 80.49 8.18 11.52 90.79 40.11 70.01 33.48 8.0 3.56 36.3 27.24 27.36 20.76 49.36 84.27 38.88 0.36 78.82 52.15 75.48 67.12 13.67 51.05 16.04 82.82 87.94 39.29
1.76 91.16 21.46 70.16 61.52 7.22 47.93 72.84 71.5 24.13 47.11 72.2 32.78 99.15 85.81 70.58 26.3 47.87 56.25 69.46 62.97 10.81 44.73 12.3 18.03 6.53 70.03 72.78 5.57 73.08 8.06 92.23 12.96 25.43 76.84 41.29 11.24 6.46 34.96 81.54 92.11 71.02 95.94 23.86 3.66 31.36 88.77 90.83 4.21 43.06 36.52 75.16 90.29 86.95 70.95 84.6 51.75 53.74 52.08 39.49 82.74 89.25 56.25 21.55
35.14 65.28 14.11 82.35 11.24 57.76 66.05 93.91 75.56 1.3 4.04 40.69 57.2 81.62 99.78 74.29 25.14 81.49 83.76 38.21 45.96 94.41 4.72 14.53 80.32 36.23 8.96 47.73 9.83 65.92 6.67 26.08 0.86 54.99 33.39 95.89 45.95 9.65 53.69 28.73 37.49 5.6 76.32 0.84 52.37 48.29 13.36 56.07 38.54 93.02 59.31 12.21 14.15 33.19 37.5 61.13 21.01 68.53 80.3 86.1 84.59 11.18 5.86 60.12
59.58 26.99 15.56 67.31 28.07 59.04 0.99 25.43 57.88 24.45 99.68 6.39 75.94 3.94 96.62 81.34 39.13 47.55 18.35 49.34 67.2 41.08 40.42 28.49 97.79 43.44 60.76 10.59 10.79 96.63 49.4 1.81 92.64 39.43 40.8 23.77 44.26 32.1 12.15 53.08 4.2 58.24 74.9 53.13 86.26 76.67 23.75 37.67 78.24 67.0 37.66 11.1 64.95 2.16 83.76 49.58 55.66 21.66 99.97 24.59 19.52 73.59 17.51 19.52
75.38 86.26 14.21 20.02 91.92 57.97 83.16 35.7 68.76 45.8 39.6 18.02 21.72 49.63 8.83 62.31 76.91 29.97 83.54 50.91 43.62 33.3 69.23 60.52 23.37 79.81 53.04 3.49 14.04 70.06 38.0 28.63 86.98 40.53 81.49 78.88 22.12 76.03 70.36 69.97 78.65 77.36 56.71 60.49 55.86 36.2 94.61 28.01 18.49 79.16 17.32 13.31 25.21 86.64 90.99 43.45 73.49 37.11 24.8 85.48 72.25 24.24 56.1 54.0
47.95 86.48 3.37 86.51 38.04 2.8 93.42 7.58 23.46 84.94 58.18 37.49 42.47 89.58 38.96 71.48 8.71 49.22 61.12 88.64 26.15 31.98 76.09 0.94 16.95 0.47 64.37 82.33 4.16 58.45 0.2 80.34 18.57 59.65 26.32 60.13 35.46 64.81 84.93 63.94 96.12 45.52 54.67 25.27 40.34 2.72 24.84 55.27 67.3 14.6 3.51 29.89 68.89 68.89 73.58 7.49 18.46 77.82 11.93 84.13 35.92 38.38 27.37 11.07
70.93 62.37 50.66 78.21 91.72 38.47 36.2 60.53 84.49 16.26 41.33 11.57 71.38 94.84 74.52 17.79 42.0 31.28 41.76 18.12 20.77 2.55 71.73 9.1 58.94 82.47 18.5 89.15 34.92 85.29 48.16 60.94 33.92 19.61 63.78 55.5 1.17 43.34 64.3 87.43 8.25 69.63 87.06 61.6 81.65 23.15 25.21 68.34 65.0 85.89 10.1 28.2 20.21 82.21 63.96 58.68 49.84 21.74 10.83 44.29 87.74 95.69 28.61 75.16
14.13 52.17 28.03 17.32 98.46 16.76 64.84 65.85 26.33 1.8 75.77 43.47 62.36 21.05 89.54 92.59 60.18 69.75 22.89 29.84 50.58 21.79 48.97 36.32 61.93 66.01 28.61 55.66 7.98 72.33 19.43 33.51 49.3 74.77 68.15 84.97 47.83 21.97 99.4 19.84 47.04 4.95 33.17 45.48 31.85 22.36 35.53 36.37 69.5 5.65 60.4 34.15 85.48 80.05 48.67 27.91 1.06 65.68 45.79 32.14 40.01 97.82 97.65 45.01
68.47 39.08 99.33 61.0 14.71 84.0 82.81 15.64 14.27 37.75 26.89 74.46 19.78 13.91 87.89 22.87 3.39 37.05 2.84 88.52 36.67 77.96 22.21 74.76 14.35 14.79 38.66 18.21 91.66 88.05 35.19 0.7 32.47 72.78 57.69 41.63 13.81 39.53 15.48 26.42 91.85 31.43 57.8 95.55 82.04 22.9 44.02 33.08 23.51 69.98 63.74 92.65 73.87 18.86 53.1 6.33 14.72 41.22 19.91 4.61 56.29 52.87 62.08 53.95
96.09 89.04 2.68 5.25 42.56 5.4 56.15 84.3 79.11 88.93 8.12 80.4 61.34 20.34 24.91 82.7 88.56 35.67 38.22 62.28 2.31 34.66 76.8 53.54 25.23 63.17 11.59 73.72 19.69 0.58 63.88 20.49 89.83 99.01 84.44 50.59 81.3 22.63 13.83 95.55 70.85 38.78 94.77 67.95 65.89 86.64 89.95 70.79 97.89 60.75 17.74 26.05 27.32 86.24 1.14 31.17 68.79 80.35 81.72 18.68 25.92 87.59 92.16 8.02
22.29 10.35 47.14 27.53 75.78 41.82 56.79 48.58 52.08 27.96 3.95 78.81 57.92 5.82 30.49 42.72 23.73 34.5 31.98 0.67 70.19 49.78 89.49 55.49 42.02 41.86 68.13 30.89 96.15 65.09 21.14 78.03 24.19 57.84 15.39 64.78 87.1 48.22 43.95 25.06 55.78 12.67 98.32 9.17 39.25 74.68 28.08 1.71 60.85 36.01 23.9 54.37 57.85 79.55 66.44 16.63 83.28 65.06 31.28 64.59 80.07 1.93 83.45 46.27
85.95 14.06 85.64 97.07 62.37 27.47 34.52 48.6 29.47 3.59 55.91 44.75 38.67 29.43 86.53 67.49 96.58 92.37 75.13 78.22 34.99 91.86 19.87 65.63 54.35 46.12 96.9 76.55 44.71 80.4 25.46 30.16 76.75 22.51 36.43 5.5 22.6 64.15 5.83 64.56 97.57 36.21 73.81 30.06 49.86 44.86 8.47 75.59 11.84 51.34 47.03 0.9 31.31 10.75 92.28 32.95 61.47 39.9 39.57 61.25 29.42 4.42 80.23 38.89
1.04 53.68 69.9 74.11 90.2 21.43 32.83 57.4 49.21 71.71 42.98 82.84 66.58 13.89 98.81 80.95 6.85 5.24 43.3 86.95 69.84 46.47 55.79 70.76 35.29 63.71 46.27 92.0 3.27 72.19 44.41 78.6 88.13 18.49 72.21 87.53 73.16 96.9 2.41 89.47 32.07 62.07 6.57 64.38 60.25 0.02 53.27 9.22 38.7 23.81 25.93 41.87 62.44 87.76 38.44 52.49 49.52 62.75 97.83 31.52 51.36 12.33 46.02 10.21
93.81 45.93 0.3 45.86 5.68 43.02 38.08 36.1 25.72 90.0 84.93 77.59 20.34 95.15 16.01 95.53 95.05 80.39 62.29 93.76 9.87 27.71 56.43 84.68 67.83 64.87 82.02 78.37 7.93 7.62 70.09 25.66 60.38 73.49 37.86 6.39 80.03 72.68 67.61 25.55 83.21 1.69 64.21 19.25 51.32 32.13 24.64 57.63 10.26 65.42 20.78 59.19 79.95 16.19 45.26 1.22 10.08 47.62 16.52 49.47 33.27 27.92 93.74 69.54
59.39 24.75 53.31 88.36 61.42 75.41 62.21 87.63 59.46 11.16 3.85 29.22 67.89 42.44 39.97 75.27 58.03 95.76 82.41 13.14 68.94 3.23 57.0 80.18 29.64 89.12 83.36 96.76 98.69 74.94 5.97 70.47 95.69 53.52 57.0 48.04 31.28 7.13 37.61 7.87 52.24 35.77 97.94 14.4 4.93 63.6 61.54 38.32 72.23 6.82 50.53 45.16 62.71 16.75 8.09 52.14 51.16 31.01 5.18 77.44 27.51 13.7 21.84 10.18
34.83 79.49 67.87 5.2 85.47 12.41 14.61 84.96 76.16 27.37 54.08 89.64 0.55 64.62 81.22 30.26 5.87 30.76 8.03 41.39 88.44 20.0 15.22 4.07 99.98 0.73 29.88 90.47 55.64 4.36 47.17 95.89 74.7 12.37 9.87 95.38 93.12 86.37 93.75 43.45 22.46 10.17 39.58 83.96 44.59 91.91 55.76 27.96 59.3 98.47 0.85 29.79 64.8 41.59 78.75 92.71 90.48 1.54 98.47 43.12 53.68 49.6 26.81 30.09
5.95 43.14 60.3 53.06 84.54 91.97 45.88 67.14 3.93 15.26 19.58 20.84 26.07 55.45 94.71 34.57 65.17 65.12 4.65 3.91 33.62 5.08 17.93 15.86 49.26 10.96 96.95 6.63 29.3 4.92 27.98 75.45 12.5 9.95 43.79 69.6 4.41 12.18 11.13 97.74 26.78 80.84 13.64 27.02 36.24 74.77 46.78 86.8 34.2 60.76 20.47 84.8 34.25 95.68 26.55 33.54 7.27 12.59 40.85 83.73 21.21 61.95 42.61 32.19
69.08 95.07 9.44 43.68 29.47 3.77 96.33 48.75 21.46 57.29 46.4 95.91 38.97 19.02 0.3 33.35 86.23 55.33 83.98 72.49 17.77 5.25 96.97 84.56 97.97 41.17 85.9 85.56 17.61 49.47 62.08 48.63 90.46 95.7 59.89 38.14 25.49 27.43 52.51 7.06 91.04 95.16 96.52 55.67 72.46 75.67 75.44 15.89 16.04 45.67 10.42 53.78 15.58 8.0 16.41 10.76 36.22 92.04 8.94 17.08 46.71 70.73 66.72 40.68
34.05 0.08 97.06 57.7 52.19 56.71 47.78 76.67 87.11 57.55 13.65 66.82 19.62 41.21 48.44 80.51 4.39 60.94 20.41 16.72 86.61 28.3 92.23 52.09 19.97 94.81 60.29 33.58 21.1 34.08 72.87 9.68 72.35 60.56 79.62 48.77 94.04 74.42 86.16 80.67 43.38 94.31 53.61 38.16 32.24 76.37 21.56 63.07 74.96 27.59 65.08 48.42 37.85 3.45 67.94 98.37 27.79 83.56 64.67 29.08 90.95 49.93 77.26 94.07
10.6 90.23 95.38 79.26 38.11 78.07 27.42 55.37 7.76 28.5 61.44 2.51 97.95 63.83 62.04 86.05 11.81 17.2 99.28 75.27 48.7 47.71 95.91 2.09 82.89 92.24 92.34 88.56 22.41 30.18 60.57 24.38 59.95 69.47 21.66 50.94 50.31 55.51 78.47 1.8 56.79 74.07 27.95 88.78 47.65 84.81 41.71 19.49 44.59 60.57 84.38 15.88 18.77 52.86 21.6 70.89 23.31 35.32 90.57 25.59 52.74 38.98 83.45 52.51
40.38 80.2 76.46 96.56 16.95 4.83 6.03 29.68 80.29 43.79 93.81 47.8 67.43 33.13 91.88 77.65 67.99 92.19 87.72 81.85 38.95 4.95 97.89 94.14 9.61 1.52 59.57 12.89 54.48 66.18 90.6 2.9 82.17 49.82 29.98 15.62 27.88 47.0 76.49 89.08 16.94 99.04 24.83 0.73 82.08 59.75 25.28 37.51 72.83 96.94 97.67 46.88 36.68 14.62 73.93 90.9 85.62 0.48 49.2 88.26 40.23 34.13 42.46 20.89
51.48 64.08 35.16 53.51 96.07 40.42 27.63 73.37 16.06 23.82 69.96 83.87 9.42 79.34 59.3 75.43 98.51 45.37 73.77 25.07 59.25 70.09 14.3 38.26 85.06 57.57 74.8 63.94 75.87 79.67 76.95 60.36 15.89 0.47 86.97 52.11 93.47 58.61 13.7 89.49 73.12 81.96 73.28 35.26 2.66 28.13 46.13 4.95 55.03 10.54 13.66 5.39 61.94 87.79 15.77 33.34 86.14 40.23 36.24 59.26 57.28 29.35 47.07 42.06
99.82 39.14 41.99 2.68 42.66 13.94 98.6 87.1 93.1 35.56 24.26 27.9 12.5 70.18 83.67 77.38 65.98 16.3 16.45 40.57 50.07 49.06 45.31 2.05 4.1 52.26 34.58 72.19 75.52 28.91 67.46 6.3 49.41 52.79 89.11 54.17 50.52 66.04 68.61 83.41 33.4 9.9 47.46 88.42 14.85 99.33 25.4 44.69 49.56 46.72 1.53 26.33 32.43 11.67 2.19 10.81 12.65 6.95 35.36 75.45 76.87 20.02 75.29 19.49
46.51 57.04 76.46 91.67 8.53 40.73 51.32 44.41 3.0 95.1 35.81 54.28 94.08 65.55 93.59 33.45 38.97 89.9 90.69 31.51 99.62 66.28 13.02 48.67 13.9 95.54 64.27 1.07 55.72 53.29 24.98 34.05 53.58 28.97 50.31 79.56 46.17 45.24 50.32 2.14 10.95 40.2 48.73 96.58 75.82 8.09 56.98 59.92 42.08 83.64 36.72 59.89 80.76 94.08 65.95 99.65 10.36 60.19 26.57 7.75 80.82 0.1 64.42 33.95
69.42 26.06 10.86 86.73 66.06 16.19 81.15 91.43 84.91 15.18 7.81 36.44 38.49 25.59 76.91 47.81 23.47 44.75 97.27 74.21 66.93 84.47 13.65 87.62 90.49 68.25 3.34 22.49 52.61 96.0 90.65 25.36 63.5 83.15 23.96 52.04 9.14 68.07 61.97 92.64 69.95 58.78 86.4 50.59 50.82 98.94 58.96 44.69 95.43 69.93 54.15 79.38 99.01 40.23 8.82 88.07 6.64 88.89 2.66 87.31 17.43 37.83 99.13 42.96
90.38 14.21 46.15 20.75 98.96 67.47 45.33 16.35 70.66 52.46 28.94 31.0 54.75 4.5 0.75 91.73 13.41 61.23 51.48 67.35 99.1 18.0 82.61 74.77 18.43 71.65 31.12 13.78 9.96 1.49 13.23 66.14 14.23 76.79 18.04 62.91 44.64 52.37 96.78 1.02 92.95 42.91 95.59 98.92 9.76 14.85 30.49 2.95 7.81 16.85 20.4 90.16 33.53 89.67 94.11 23.75 70.49 93.85 67.92 4.86 23.18 81.54 25.3 92.31
82.14 98.23 75.66 14.74 68.64 19.97 76.03 91.05 35.81 82.82 88.27 10.06 59.23 80.56 40.11 78.1 80.95 96.89 16.13 19.91 96.55 9.45 30.18 94.06 43.53 96.83 3.02 20.18 77.56 13.43 90.1 41.72 88.05 47.67 46.15 66.81 48.07 67.65 26.57 91.7 25.34 60.61 96.02 2.86 18.22 67.95 98.42 44.64 67.91 36.26 0.91 77.15 87.49 27.96 29.74 26.27 42.12 30.1 1.61 62.86 20.67 86.01 19.28 96.57
84.16 65.53 82.64 25.25 96.66 74.71 82.43 85.13 36.9 91.16 21.66 79.57 34.67 99.16 49.78 38.54 88.62 28.69 72.2 94.84 30.12 91.02 64.5 64.01 41.68 62.97 43.42 40.38 2.51 95.79 44.44 24.68 67.99 25.6 46.04 68.81 54.3 36.22 71.16 69.11 10.41 76.2 81.02 5.42 7.92 99.83 76.61 78.08 22.99 48.98 47.8 15.1 71.62 72.97 55.06 77.35 26.39 33.36 80.02 29.31 46.23 67.79 3.15 84.79
84.59 8.13 41.8 30.44 75.3 81.33 6.34 84.83 19.6 53.14 40.87 88.62 1.26 58.57 9.42 19.5 25.65 14.69 26.36 27.46 55.63 48.99 80.25 42.98 50.4 52.37 39.41 32.01 42.63 81.48 98.94 1.49 97.65 75.78 7.3 64.04 6.31 11.44 18.14 92.16 1.33 77.91 36.41 18.32 42.26 64.35 41.18 65.6 18.81 67.55 64.94 54.19 48.54 68.76 21.68 78.93 2.75 12.01 75.51 71.57 43.26 87.36 74.58 48.83
17.42 70.7 26.57 18.51 29.18 31.22 63.22 94.69 83.55 70.83 41.98 61.82 46.91 93.37 14.33 86.45 18.22 9.67 72.5 67.73 52.19 14.73 21.14 38.9 88.83 65.61 0.21 83.78 5.84 63.69 92.3 23.45 3.94 54.12 99.76 37.28 78.92 19.73 15.2 78.87 45.4 50.22 34.09 77.79 8.78 1.32 27.85 92.38 83.04 70.68 91.05 16.56 2.78 60.9 33.83 23.86 56.53 17.03 72.9 34.68 82.44 3.71 67.11 6.25
38.84 32.61 86.26 82.69 91.65 3.71 93.14 74.61 22.26 79.91 42.07 30.65 80.45 80.02 36.39 63.7 33.62 24.25 27.97 19.26 34.3 45.79 96.37 96.18 34.5 89.16 69.97 9.05 21.31 60.4 36.47 7.9 99.17 91.59 62.09 11.98 53.73 50.55 47.47 79.8 59.08 92.29 16.37 72.91 21.86 49.34 58.92 80.67 7.39 33.43 48.33 21.41 22.17 30.81 88.07 49.48 18.5 27.37 51.38 19.69 23.78 64.29 59.46 99.46
