86 30 14 90 58 64 59 90 25 73 38 12 33 54 0 81 6 71 59 89 87 28 96 73 31 68 93 26 13 85 26 6 75 91 46 88 50 11 83 68 31 30 69 88 88 26 74 95 85 90 53 11 45 67 81 76 10 39 52 96 83 96 65 27 4 8 72 41 11 91 57 55 38 32 55 11 89 8 33 76 70 12 48 62 98 61 16 58 6 49 80 28 74 91 99 12 91 36 48 68 38 64 62 88 84 17 29 45 36 10 90 98 32 56 26 17 85 15 2 3 27 55 80 42 95 70 19 60
54 57 6 89 77 47 22 43 42 76 92 40 23 54 38 98 33 25 42 46 72 48 63 66 33 87 0 59 14 36 69 85 50 29 72 26 69 82 17 93 44 95 29 59 28 64 26 2 42 74 58 89 64 32 22 4 97 78 11 77 10 67 19 16 50 13 27 46 83 25 88 40 58 63 86 47 55 59 80 40 98 69 0 87 28 6 21 59 83 59 78 9 83 56 17 69 37 83 52 7 12 43 25 94 65 1 79 17 84 53 51 3 41 36 76 74 93 29 66 65 88 5 91 74 68 70 36 46
46 21 56 23 71 35 85 71 47 97 13 3 89 62 97 98 42 50 40 82 89 68 51 9 29 80 51 87 6 85 29 28 23 32 94 55 10 93 70 76 59 91 41 54 34 91 80 71 77 98 75 73 45 32 16 42 85 85 94 83 26 67 91 33 38 51 93 3 91 42 35 40 49 93 24 76 79 50 49 89 39 31 97 77 85 8 11 31 57 25 54 36 77 41 12 42 92 35 39 59 31 35 78 32 57 46 6 55 73 91 46 33 42 26 39 6 41 53 86 95 38 38 83 44 30 11 30 19
5 49 4 49 19 52 69 46 41 44 36 47 6 3 77 3 99 27 83 14 72 47 92 6 13 44 5 57 77 83 62 51 96 75 76 21 21 51 20 63 61 24 38 86 84 70 34 83 4 37 48 45 22 74 52 63 97 39 31 36 78 11 96 28 41 64 14 59 28 84 39 99 69 47 50 34 5 57 38 6 33 42 97 39 18 54 72 45 54 4 62 46 1 24 56 84 40 97 65 52 3 97 51 36 98 9 4 85 47 98 78 23 97 63 51 76 45 81 40 35 49 57 21 72 31 87 65 33
96 30 50 34 93 53 50 36 0 0 36 7 11 20 17 67 20 53 99 58 29 77 64 93 85 13 39 66 83 30 16 73 86 81 91 30 97 85 29 62 33 85 56 60 61 99 10 27 87 74 84 62 16 51 16 15 92 99 63 72 26 11 17 55 93 13 42 12 9 29 62 87 51 13 40 96 32 51 98 99 30 20 41 11 90 27 88 11 10 49 56 83 34 13 81 86 82 54 63 53 67 53 33 75 69 11 76 51 60 98 23 85 43 2 25 61 8 74 53 1 17 42 8 22 44 90 22 88
78 58 98 55 50 56 24 1 3 20 37 39 8 38 62 86 67 18 28 30 98 53 25 50 26 24 94 9 98 1 59 85 74 8 91 1 80 81 54 82 40 94 86 10 69 21 71 32 77 0 39 82 97 8 15 84 48 5 96 99 34 95 73 27 54 52 56 94 4 4 99 86 40 9 59 88 98 17 3 61 36 43 50 88 2 74 47 19 73 64 4 29 15 43 9 14 15 59 90 18 20 61 86 52 7 92 77 75 94 66 44 22 89 80 83 36 70 40 11 33 1 66 42 91 55 95 12 81
81 67 94 68 64 12 38 45 38 56 7 14 35 47 91 63 40 59 28 72 27 90 76 52 3 37 47 62 61 26 27 3 54 21 32 42 89 49 30 18 36 86 89 46 85 68 0 42 49 47 71 70 9 37 81 53 13 19 17 72 12 23 72 89 18 45 9 19 9 90 75 61 10 7 65 8 4 98 27 38 38 5 84 74 89 67 70 45 95 47 18 26 54 14 81 44 76 33 51 31 11 87 80 21 87 13 83 45 82 66 70 54 8 99 53 66 38 59 16 36 52 33 51 52 0 5 48 21
32 25 42 61 78 33 79 7 51 73 75 5 89 88 15 88 46 48 81 97 97 90 30 57 63 14 45 51 90 55 39 83 95 7 27 8 96 1 88 79 57 73 84 91 83 86 61 15 76 5 42 99 56 75 14 60 25 65 65 45 0 84 43 7 58 26 40 24 96 32 40 87 77 86 26 67 50 45 44 17 23 54 37 84 67 56 5 58 3 82 81 79 1 76 11 70 24 91 22 97 10 40 94 57 32 23 49 28 79 21 61 36 72 70 40 7 58 77 24 48 63 0 87 96 76 8 1 10
82 77 4 8 55 6 74 71 35 86 45 30 71 10 91 42 13 43 19 29 53 24 8 47 34 60 23 50 26 59 20 6 95 91 25 64 86 8 36 12 49 55 4 24 50 3 17 8 45 53 52 64 82 51 25 77 26 29 84 59 43 90 63 79 17 60 98 25 63 49 39 45 39 53 38 85 60 40 14 13 48 93 7 68 62 55 62 20 68 0 89 22 21 23 20 22 34 40 37 16 53 14 37 77 28 59 6 39 33 71 70 61 42 61 35 99 54 59 97 64 18 21 28 6 30 56 78 98
32 80 69 16 2 10 91 60 28 25 36 60 41 52 26 2 87 37 42 61 83 5 35 7 15 9 23 91 29 80 39 58 31 75 49 17 62 9 54 24 22 49 50 4 43 68 22 17 57 96 91 7 54 21 23 56 76 92 98 19 2 34 14 20 4 85 95 2 98 53 94 1 91 23 38 76 24 30 56 16 13 28 62 95 23 61 75 22 68 59 54 42 37 68 25 42 78 64 28 8 68 69 76 16 27 14 20 12 95 25 80 40 85 18 35 96 88 62 47 46 19 99 96 50 62 2 59 79
93 44 55 2 27 92 8 53 43 41 82 35 42 42 56 91 37 11 53 75 35 87 83 44 11 73 18 46 61 84 60 56 81 92 45 13 6 82 37 65 50 17 20 18 44 82 94 50 42 5 1 35 52 44 72 38 92 14 14 5 98 58 18 19 25 70 93 15 2 88 25 42 76 19 11 75 92 2 27 24 94 91 29 79 65 76 10 50 81 51 57 95 16 57 31 49 23 56 68 15 21 40 21 23 18 5 78 99 81 37 18 63 73 59 39 23 21 19 6 35 97 65 18 8 78 56 17 75
47 42 30 50 88 99 58 36 7 1 6 98 45 56 75 98 15 7 63 52 49 61 94 68 27 27 2 28 6 62 18 38 65 93 55 70 31 97 19 37 28 80 13 95 54 75 19 79 23 88 57 96 3 46 2 97 78 0 43 97 45 44 82 59 47 92 77 49 73 96 67 31 16 93 59 22 50 36 55 46 78 27 59 74 62 66 88 52 54 47 78 45 93 74 62 67 40 68 54 14 70 3 5 29 71 10 39 37 50 8 21 90 71 39 97 21 75 94 73 16 11 22 49 48 51 25 93 26
66 68 74 25 9 3 44 26 78 66 32 73 3 47 82 66 80 23 88 97 99 13 16 72 15 70 5 45 16 31 51 90 86 8 31 10 64 6 86 79 28 72 81 95 15 64 3 63 78 31 27 96 32 52 3 31 44 32 24 55 42 80 96 9 94 70 28 46 81 29 24 84 1 51 81 82 33 78 81 49 50 41 91 64 85 75 7 77 21 69 74 66 95 86 95 73 63 95 55 56 67 57 5 27 83 41 85 16 72 30 58 1 21 22 93 87 65 51 5 3 2 93 79 60 1 89 42 33
8 59 30 66 52 63 47 66 63 57 99 10 64 81 23 4 51 44 38 74 45 63 33 68 28 13 52 59 56 47 85 76 58 51 87 97 29 17 67 46 58 41 19 32 93 49 35 49 37 11 36 33 51 60 60 52 70 39 51 14 32 83 25 96 31 14 95 89 26 75 8 71 47 94 4 51 89 83 48 68 25 0 81 95 81 68 67 8 61 52 18 73 14 75 2 79 58 3 21 63 34 10 40 38 77 64 30 28 11 77 31 41 86 60 2 3 38 15 79 44 29 95 38 74 37 61 3 74
34 54 44 28 31 99 16 39 91 25 80 38 0 92 41 4 21 53 92 25 76 25 48 91 9 98 75 10 8 3 20 26 2 13 11 90 36 99 73 17 32 53 60 58 84 31 54 87 20 3 85 92 5 68 16 44 83 27 65 39 32 61 99 5 59 45 46 90 12 23 87 11 36 0 35 79 82 76 33 61 18 44 97 39 63 96 64 60 25 4 16 9 74 36 24 69 98 31 53 64 92 49 31 65 65 78 52 72 62 35 27 71 44 74 43 45 17 1 68 55 92 77 89 21 9 32 73 0
19 97 58 5 61 64 49 56 88 66 1 35 85 13 67 6 89 32 99 86 2 86 63 50 96 23 95 78 2 23 23 69 40 29 57 0 64 81 77 66 59 86 1 5 25 94 32 27 17 17 52 83 76 66 55 50 0 89 81 99 93 95 91 63 75 21 42 43 51 29 91 5 48 41 57 62 25 3 79 23 48 97 38 94 11 94 66 68 79 88 12 5 23 25 10 7 26 17 24 73 83 38 30 27 25 10 18 57 44 20 50 85 96 69 5 12 32 12 45 17 89 69 73 9 19 80 68 65
17 80 49 17 28 13 60 29 44 70 22 52 89 11 95 38 44 24 15 97 91 70 40 74 50 49 40 9 86 2 49 3 12 41 61 28 59 39 16 53 65 33 82 75 31 7 52 54 58 23 36 6 23 3 14 36 55 84 22 32 77 28 6 5 94 47 50 83 14 94 5 62 47 70 9 23 34 46 90 30 98 18 20 76 74 81 29 38 40 18 89 47 79 28 96 51 26 8 92 44 72 61 54 73 99 51 5 52 95 24 92 50 51 24 64 95 60 31 27 64 92 3 40 14 44 83 24 12
69 92 24 15 22 2 55 11 81 50 80 36 6 80 91 8 77 85 53 10 98 94 85 45 80 86 28 3 5 59 0 87 34 52 40 84 48 49 57 37 98 67 38 49 33 6 27 44 96 65 54 75 40 7 96 83 26 52 42 36 34 47 36 90 46 49 82 16 1 76 60 63 86 66 89 24 13 58 17 23 79 79 5 54 52 28 4 92 1 77 39 32 10 48 8 18 67 53 54 97 41 16 40 11 73 1 25 89 61 59 76 55 82 8 23 78 76 19 32 37 99 30 3 11 87 45 6 53
45 37 62 50 7 92 36 90 84 20 40 94 76 78 24 55 74 90 69 5 73 25 52 87 50 25 90 47 86 75 19 64 5 90 49 2 72 63 46 87 81 44 68 53 48 17 65 23 79 77 7 52 42 21 78 45 63 81 12 58 83 30 11 78 81 91 89 24 62 53 87 8 47 51 40 79 18 0 39 0 74 12 53 13 18 48 31 36 99 1 74 44 66 86 8 40 62 85 99 93 51 8 39 50 55 51 67 24 71 25 43 41 33 21 69 50 48 22 38 3 78 81 6 25 95 25 75 1
18 76 92 40 18 97 93 76 25 91 67 86 19 27 59 2 87 92 82 8 11 90 70 71 70 42 81 25 66 92 27 57 24 3 80 82 94 78 16 4 84 36 65 56 27 5 15 65 75 51 82 44 84 37 6 29 14 18 10 25 49 28 96 37 45 5 9 5 57 88 50 7 74 18 35 19 79 59 31 52 69 50 16 81 52 54 17 91 3 18 38 37 14 40 2 73 33 71 64 10 63 65 96 7 42 76 83 61 82 54 20 27 71 59 9 64 9 26 93 29 98 2 50 12 14 1 13 58
36 42 52 25 32 56 88 2 95 51 27 22 28 11 56 45 46 2 58 37 56 67 68 52 1 61 47 48 12 6 90 28 61 87 93 46 31 71 56 13 48 93 43 44 43 10 70 32 94 72 16 9 90 75 5 36 74 29 54 88 15 19 19 18 65 1 89 85 61 16 83 50 37 95 38 31 5 70 93 68 22 22 83 1 28 71 39 5 64 71 95 9 65 24 43 64 41 60 62 92 26 53 95 13 37 71 83 44 98 17 17 77 33 99 25 27 37 66 15 50 29 1 62 93 7 96 53 90
67 81 84 11 67 43 99 49 32 60 82 87 80 20 60 78 78 36 86 88 13 22 29 30 47 42 67 75 64 52 33 31 96 0 29 62 32 4 61 64 97 3 97 31 48 83 85 83 22 24 21 12 27 45 49 66 21 76 1 8 74 92 43 68 65 12 72 30 16 34 83 67 10 21 57 76 79 62 19 89 38 34 6 57 21 75 48 22 33 93 14 67 81 82 62 72 82 99 3 22 73 11 9 96 36 90 91 76 48 74 31 66 96 81 8 3 51 45 94 77 98 4 27 65 29 72 88 13
21 36 55 12 46 96 63 82 85 78 46 77 90 16 83 52 72 33 50 4 4 38 24 95 43 95 30 46 82 72 81 55 35 35 14 60 39 40 93 3 17 1 59 36 28 0 48 18 44 58 52 41 38 59 8 61 39 68 87 30 80 60 78 81 10 99 38 70 22 6 12 27 11 60 23 13 10 79 75 36 23 63 50 47 54 71 57 92 89 76 88 64 74 82 43 37 83 55 58 10 16 83 88 69 78 15 28 30 54 52 38 66 45 56 22 67 96 16 19 1 17 8 44 60 59 76 44 2
37 17 34 29 78 86 48 23 98 75 80 91 90 80 63 3 79 45 47 26 82 16 44 3 21 20 47 80 37 97 9 1 44 90 82 31 6 94 98 85 83 20 0 29 83 14 56 4 96 89 31 42 26 29 78 55 41 53 22 55 20 35 47 55 74 45 9 61 66 57 79 20 25 31 6 31 74 56 52 67 25 58 81 45 87 37 98 5 93 56 93 80 12 82 75 95 3 55 17 10 84 22 62 4 69 44 78 7 92 63 68 98 2 40 7 25 25 55 73 46 15 81 60 58 51 25 34 43
68 97 53 53 10 94 22 61 2 87 5 87 48 85 17 94 78 52 9 9 83 45 2 71 9 54 95 67 11 20 55 35 50 20 88 22 7 32 48 77 80 54 91 27 56 60 59 37 93 72 46 6 78 22 76 65 70 66 78 91 17 18 57 45 47 18 69 91 29 45 62 1 3 82 13 71 76 34 18 8 33 28 68 11 77 76 95 92 23 44 99 60 18 19 9 58 28 83 60 27 9 0 67 71 25 52 87 97 0 58 49 86 24 98 71 33 19 11 83 53 85 66 38 83 62 78 47 99
52 54 21 72 64 37 41 77 42 26 2 68 99 51 67 56 97 81 0 32 2 96 86 59 47 22 31 81 77 86 49 68 49 49 88 50 63 2 44 57 65 24 65 28 56 39 89 88 28 16 81 57 61 24 54 55 47 63 59 56 32 3 44 15 7 52 30 65 26 53 37 72 78 18 60 23 99 92 88 5 88 52 38 44 93 37 67 13 24 50 63 78 57 36 42 98 46 94 34 28 35 31 41 22 83 45 39 90 92 24 33 97 46 78 69 40 90 20 53 12 52 72 38 98 80 78 81 78
45 54 90 32 45 90 90 20 80 35 78 7 41 55 98 60 19 66 51 53 86 23 11 80 95 39 55 21 97 8 19 86 67 61 3 64 21 21 47 27 66 44 47 71 82 20 81 57 40 21 3 36 65 30 2 94 6 19 8 14 92 19 43 26 74 60 5 20 63 62 45 21 63 27 6 15 21 10 80 21 32 3 63 79 51 71 79 79 21 72 88 48 90 53 29 62 26 71 16 94 94 28 71 85 0 64 85 19 33 61 76 76 36 92 93 85 79 15 46 47 49 3 64 69 25 30 97 51
40 13 98 99 31 24 58 49 6 70 0 84 4 17 77 86 92 77 31 87 62 20 74 11 75 57 62 70 7 47 77 54 65 63 24 60 59 31 62 55 49 83 13 78 26 21 90 7 8 47 79 42 76 77 4 66 72 50 87 73 32 66 25 6 6 41 15 1 69 52 30 71 0 82 15 67 27 80 55 18 64 94 21 24 73 27 59 24 27 35 9 38 13 40 28 21 96 91 5 48 15 36 67 36 60 29 11 52 3 94 38 57 17 10 62 1 36 40 31 41 41 25 21 12 46 52 82 77
73 36 81 47 72 26 28 11 62 92 38 43 25 79 53 74 69 25 33 20 81 62 21 33 5 75 92 29 12 16 72 26 97 74 41 38 87 65 57 57 36 75 56 78 7 35 70 39 92 97 27 49 69 8 62 36 33 39 0 19 4 95 2 41 35 9 94 34 40 27 72 17 39 43 42 26 40 21 67 9 48 41 96 94 35 51 52 86 91 78 24 97 69 35 83 98 46 76 32 80 50 11 21 63 38 47 12 49 35 70 78 25 46 27 15 99 8 36 2 73 40 86 30 32 48 99 38 18
50 10 59 96 49 25 33 58 86 49 11 55 36 53 63 16 47 90 57 87 37 84 44 72 52 36 51 4 60 5 57 99 72 18 68 95 87 70 80 35 9 36 71 36 14 31 61 62 6 53 55 56 28 59 35 56 45 27 37 26 40 81 22 69 54 26 36 9 48 99 74 36 64 55 90 36 29 87 42 17 19 98 86 57 46 30 70 69 95 49 17 73 71 37 13 50 66 26 19 95 17 48 33 82 25 59 99 38 93 34 21 39 14 23 84 48 37 76 71 89 87 13 36 23 12 89 25 30
40 49 81 80 38 65 97 12 61 7 58 1 88 48 27 13 7 44 48 51 55 63 70 58 42 95 61 41 17 37 49 20 29 33 67 64 72 75 38 32 25 48 70 66 40 8 93 46 68 47 50 11 10 74 98 80 94 77 69 1 91 96 31 25 43 48 37 14 92 13 74 79 14 95 85 0 63 72 52 56 9 3 87 39 52 78 12 10 41 18 94 79 59 49 74 92 13 17 82 2 36 22 14 59 60 79 2 90 76 22 52 70 78 69 41 23 53 26 17 94 58 61 5 62 18 49 48 68
84 70 48 67 33 13 65 20 98 75 98 16 88 64 45 16 61 19 54 87 52 11 89 93 30 61 58 9 34 42 15 7 9 71 12 85 36 28 69 32 2 58 20 56 15 43 69 46 69 68 58 51 16 90 74 8 4 77 15 49 19 75 69 65 10 79 11 4 97 32 56 51 11 86 81 3 48 15 94 5 62 44 67 98 11 0 45 99 74 74 76 64 74 28 88 15 68 90 21 27 7 83 42 9 21 16 82 30 72 14 82 84 14 83 29 64 82 89 14 72 69 1 36 7 20 38 13 39
2 17 35 32 33 36 11 10 71 64 51 41 68 46 35 48 19 41 88 32 17 89 28 18 8 42 84 56 4 59 84 63 24 88 96 98 70 63 74 19 65 89 82 0 97 10 10 71 39 53 42 44 90 54 19 86 73 27 0 11 14 37 80 65 27 56 19 38 13 66 39 7 14 3 50 76 15 28 26 83 0 53 23 20 77 26 8 63 53 4 12 26 49 33 24 61 94 26 11 28 92 13 79 70 30 97 27 49 82 97 14 59 80 25 21 42 24 8 43 17 96 39 7 59 73 45 36 33
91 26 55 56 95 27 88 76 19 80 16 48 36 93 57 11 30 50 29 60 88 14 17 73 34 40 36 92 79 66 21 48 37 71 54 71 16 25 43 81 24 16 39 15 13 20 85 64 55 27 60 23 18 97 79 33 95 28 74 42 40 64 50 69 8 75 59 36 36 41 87 49 50 57 83 30 32 77 95 17 19 13 9 70 41 28 57 62 48 85 94 84 65 33 55 6 57 25 28 82 35 6 83 51 84 3 20 18 77 82 62 15 3 60 23 16 81 1 47 14 85 13 79 24 72 4 56 76
96 49 78 0 77 31 30 96 65 76 11 90 74 3 78 76 4 74 74 36 69 7 35 10 14 63 81 54 80 69 62 52 13 88 48 36 82 75 18 6 29 20 23 5 98 97 18 88 25 21 10 39 39 8 79 59 3 87 98 22 6 63 36 84 66 34 36 28 30 35 93 68 77 24 42 18 24 61 62 14 76 18 85 17 79 12 1 13 64 45 86 96 18 98 95 13 49 22 71 98 83 55 34 45 36 30 37 14 46 25 4 58 65 89 49 90 84 9 16 58 73 61 93 9 44 14 78 93
63 74 28 87 28 65 69 78 98 77 39 63 47 51 86 31 53 99 2 50 38 35 20 17 60 29 28 57 80 52 20 41 83 69 65 62 41 69 75 83 66 1 15 35 59 50 69 52 17 32 43 58 64 31 46 18 30 39 77 56 52 49 67 16 8 51 94 63 74 14 71 82 28 7 12 99 95 86 77 68 20 37 73 46 29 92 26 66 59 87 28 74 4 76 52 93 5 10 65 92 35 35 16 51 16 15 20 6 21 24 93 34 66 32 28 90 70 4 35 44 8 58 20 40 86 44 18 6
26 71 12 78 43 95 59 49 66 15 79 5 23 51 85 36 17 45 74 54 60 45 47 63 46 17 69 7 38 51 31 31 77 57 23 85 85 45 67 64 7 89 91 36 27 98 23 70 64 65 93 61 18 25 63 13 34 90 91 47 99 26 35 48 71 71 26 20 19 81 71 97 31 84 26 17 3 94 75 14 12 36 24 56 52 7 71 24 58 92 2 70 32 50 52 21 17 45 26 60 34 55 39 69 50 68 43 31 8 36 76 42 70 76 77 28 9 78 78 10 94 26 67 99 28 3 73 78
27 72 67 28 78 5 83 68 56 8 67 6 12 57 6 79 55 19 10 78 65 9 7 92 34 91 43 90 39 14 39 79 26 71 1 70 15 8 81 16 17 20 37 28 63 37 82 51 86 4 81 62 92 66 66 96 21 75 2 81 35 12 12 6 49 77 65 66 64 94 26 14 63 10 80 92 57 26 3 77 39 36 87 76 57 26 72 71 22 21 5 9 41 79 90 36 62 86 63 54 36 95 27 58 23 43 53 91 48 60 27 7 90 24 42 77 5 89 81 20 97 22 15 9 70 32 79 95
64 78 44 25 49 16 30 1 52 44 73 88 62 9 14 48 81 80 9 61 57 17 61 6 95 51 90 67 69 65 88 39 98 39 71 46 99 39 99 39 31 41 46 54 72 18 19 89 84 85 92 36 62 25 7 94 37 77 93 62 34 75 47 72 55 35 1 23 18 41 27 35 73 36 13 9 47 97 33 25 4 87 24 44 60 37 37 10 93 71 12 91 1 39 82 75 59 93 0 50 68 77 58 36 72 34 14 36 69 36 89 14 1 54 75 80 45 11 28 79 13 59 50 89 64 30 48 61
1 19 27 44 1 26 23 84 67 94 47 63 18 33 68 27 33 56 91 3 21 49 40 12 36 36 56 11 73 97 8 40 14 12 46 32 66 26 89 96 70 16 45 10 12 64 18 43 41 54 19 78 96 70 78 13 80 9 27 62 81 16 96 65 47 31 49 42 76 27 57 16 9 96 61 24 71 29 99 3 63 44 49 26 96 19 41 46 94 53 47 36 20 43 37 91 54 90 89 47 38 12 12 4 91 65 60 95 4 59 99 8 95 30 12 9 9 96 18 2 38 39 16 5 69 14 81 0
57 64 89 6 66 4 88 73 62 33 95 81 68 20 41 6 57 53 43 54 57 89 5 21 70 18 23 95 97 92 42 79 44 96 49 40 68 53 89 89 32 86 46 60 83 26 84 80 25 90 61 26 74 82 29 26 79 15 6 31 13 6 26 2 56 53 40 42 14 98 56 50 97 79 16 34 39 43 75 63 33 39 38 0 37 71 49 20 72 41 0 41 82 93 81 3 14 13 30 94 48 88 0 30 3 66 0 17 25 96 90 55 30 54 0 55 78 29 8 53 80 91 60 38 95 78 68 90
9 83 75 6 14 84 13 82 2 61 40 15 64 66 42 32 84 38 74 86 77 86 0 30 96 10 86 86 79 20 15 8 69 70 84 61 30 20 77 39 70 50 60 41 71 15 82 37 18 46 49 44 84 90 51 1 47 15 45 7 80 73 34 71 98 0 24 28 58 60 3 79 13 59 64 35 73 90 29 90 56 95 77 85 99 20 90 48 55 33 62 62 70 60 66 82 2 58 23 57 72 87 97 62 83 13 40 11 5 53 79 48 63 94 98 25 78 34 53 67 10 76 21 22 72 85 8 54
33 30 61 38 85 61 92 58 68 84 5 7 98 11 58 27 41 88 4 63 71 82 39 89 69 86 32 36 18 15 73 81 62 13 98 84 12 65 43 89 26 3 95 45 24 92 0 92 28 34 98 28 3 30 91 26 17 3 1 72 50 86 28 94 95 91 26 89 98 95 14 1 28 23 35 43 0 86 54 55 36 5 33 38 37 32 90 48 90 71 54 78 8 32 7 57 34 36 67 31 54 64 34 12 55 87 88 61 40 80 8 89 46 44 38 55 11 17 86 30 27 0 98 29 2 22 91 94
19 80 61 95 1 72 8 34 63 57 43 22 17 91 59 82 86 59 29 43 23 42 95 58 83 45 60 51 87 62 58 52 2 93 83 28 72 52 70 6 41 40 49 15 13 0 20 58 9 90 45 49 25 16 61 11 88 90 94 0 68 3 95 4 24 69 99 19 90 32 39 48 96 61 96 79 90 88 35 99 14 10 57 36 2 5 40 53 24 96 18 67 25 47 83 20 3 35 90 98 81 39 43 56 68 74 98 67 91 50 58 68 46 55 19 0 25 47 93 19 69 95 42 67 58 88 50 39
24 72 68 46 99 24 77 5 19 11 15 75 44 65 45 71 17 23 57 78 0 7 59 13 92 76 74 45 39 43 47 93 39 2 82 92 63 25 45 88 70 63 82 62 62 14 58 70 90 28 91 35 76 36 54 30 19 29 1 55 42 81 24 9 17 87 9 1 99 97 47 44 36 31 70 40 30 22 1 36 53 44 18 67 63 45 46 84 1 57 84 79 19 14 80 69 10 20 94 71 57 3 98 5 87 30 24 95 5 77 96 7 42 17 22 7 79 19 15 39 36 71 43 32 85 0 47 14
47 71 94 46 78 79 17 55 18 25 11 36 13 83 0 76 36 96 65 93 19 26 46 24 90 69 51 75 12 71 33 15 99 52 68 37 81 36 65 45 24 29 38 87 67 6 22 9 37 52 96 89 55 30 10 88 95 82 36 27 43 72 84 98 21 79 25 83 43 12 48 2 21 92 65 24 20 49 68 92 36 91 38 98 52 0 62 71 86 16 40 51 77 4 24 13 54 75 35 42 77 70 26 55 97 65 34 53 12 14 38 69 32 95 70 30 76 45 46 30 78 2 58 42 41 56 4 24
76 57 63 1 93 71 9 85 92 40 74 27 91 84 53 52 65 43 43 6 45 39 53 85 85 93 46 3 78 9 1 48 97 72 21 79 15 69 23 34 31 52 21 48 6 58 49 8 37 49 86 33 22 44 49 84 33 21 38 64 77 96 20 59 72 24 87 37 44 54 54 84 96 77 55 83 41 25 87 91 5 89 19 0 22 66 69 96 65 57 85 36 61 79 24 6 0 16 59 19 81 12 94 5 3 1 32 52 93 68 25 58 40 1 83 92 36 91 71 38 36 25 5 85 42 76 7 75
96 24 60 34 96 87 54 90 75 23 19 37 95 73 32 33 46 5 93 91 10 58 10 77 33 2 62 20 74 6 91 4 86 11 21 32 15 2 50 8 0 62 97 18 90 32 51 45 44 7 54 74 79 71 9 65 45 46 58 33 52 94 94 74 46 0 71 74 55 70 0 28 5 97 55 99 24 83 19 52 11 31 83 39 17 18 50 52 64 75 80 43 87 9 58 89 55 5 94 55 38 33 57 3 21 17 56 14 59 45 47 9 2 64 21 66 42 72 7 10 45 11 22 51 26 76 64 29
35 3 46 38 91 76 34 27 61 43 42 52 0 92 32 72 8 30 7 29 94 48 60 20 27 44 17 19 54 24 95 49 44 90 76 59 23 31 15 72 52 78 72 83 25 20 42 3 42 22 73 71 55 48 88 92 52 10 75 15 41 23 79 43 32 96 38 2 56 83 43 88 54 81 59 43 81 27 47 91 61 44 9 41 24 63 16 28 22 35 46 47 14 87 19 15 75 54 84 42 41 89 34 19 80 26 40 87 11 42 25 90 56 34 99 7 14 8 27 46 81 64 41 26 74 27 15 49
54 48 93 34 57 52 7 3 80 91 54 7 99 86 86 32 26 92 5 79 28 77 47 15 8 20 65 92 97 65 60 79 43 81 33 28 32 99 43 73 20 71 26 56 58 69 65 31 36 45 35 87 69 4 15 46 4 4 74 64 62 82 79 86 71 33 45 42 3 13 33 33 46 33 86 88 69 46 15 6 6 61 35 36 5 90 56 45 26 67 85 98 20 88 85 35 31 83 84 21 36 4 47 66 0 10 50 97 52 3 80 54 46 51 83 9 60 21 1 11 9 16 47 58 43 61 51 21
69 65 0 48 17 99 40 72 97 25 32 71 58 51 18 20 2 96 85 24 42 28 80 29 63 8 59 13 12 34 24 17 44 7 38 24 54 29 16 37 48 15 21 61 98 2 13 25 71 82 55 94 50 85 80 4 12 58 19 35 25 83 86 41 41 3 96 64 70 30 94 35 26 45 60 2 66 33 44 72 98 0 76 49 13 68 32 56 96 61 69 36 63 30 13 59 33 51 98 64 4 50 88 14 93 23 53 53 72 30 95 37 72 76 5 44 10 88 60 9 21 14 64 79 9 36 59 11
37 5 5 64 7 55 96 64 51 64 67 66 5 29 97 14 48 90 24 42 79 76 67 15 18 31 11 24 17 60 14 33 15 71 66 62 12 35 29 99 19 0 39 77 1 43 49 56 45 2 94 5 90 33 51 1 78 51 62 51 37 79 12 22 8 54 18 10 19 28 74 85 44 38 59 0 72 93 91 75 70 2 24 6 86 71 63 88 56 24 8 70 67 38 11 42 70 55 47 79 5 76 51 74 46 56 93 37 13 10 20 83 32 54 77 43 30 63 4 65 83 80 71 61 63 23 78 83
90 6 11 20 85 39 60 90 47 34 84 41 43 90 25 78 23 36 1 29 72 3 29 37 85 73 8 75 37 0 27 49 60 71 13 79 77 81 79 53 51 16 88 79 21 43 55 56 83 62 89 34 23 27 61 36 96 84 10 12 35 72 31 28 54 24 46 41 78 13 17 97 1 14 29 67 81 29 54 43 30 11 60 47 65 93 9 56 42 92 8 83 94 55 23 86 9 72 23 65 77 27 83 86 37 99 47 64 47 16 45 42 27 64 97 32 37 53 92 3 82 22 42 9 56 76 33 1
31 42 56 19 11 77 31 16 53 68 54 53 51 17 90 53 57 72 47 55 24 58 36 23 28 60 14 68 51 82 79 47 91 49 82 47 90 53 9 29 22 45 13 23 62 12 67 92 1 46 41 94 71 71 42 2 98 93 35 80 58 96 72 42 11 39 86 49 46 51 99 57 60 11 86 58 90 49 58 80 29 54 70 79 50 10 8 45 42 35 16 71 91 98 24 20 42 39 41 82 21 96 74 39 31 59 98 88 45 54 86 68 16 85 36 79 34 21 5 1 28 90 40 91 22 8 36 9
60 21 92 59 74 80 80 13 0 17 54 49 64 99 90 82 27 70 19 4 87 1 47 78 92 5 63 50 51 94 41 53 94 27 27 92 31 58 64 60 93 53 96 84 93 18 0 33 1 83 72 99 83 6 58 25 54 19 6 47 32 39 39 95 43 72 68 29 88 0 37 53 3 11 12 86 55 80 29 0 6 99 87 63 82 89 87 28 93 77 53 91 56 62 96 60 60 70 25 52 45 1 19 18 13 11 60 13 5 62 17 93 14 3 42 98 58 56 16 7 12 63 93 4 28 42 94 22
57 32 63 96 26 48 3 12 30 11 64 3 33 92 66 45 19 82 46 97 98 10 48 59 90 56 15 27 29 70 73 23 34 56 40 6 7 66 6 30 66 36 58 23 76 61 95 73 82 44 19 73 43 49 17 12 64 63 93 15 13 85 66 39 82 61 18 68 29 25 10 39 86 2 56 75 81 97 20 61 38 92 92 39 83 62 29 50 46 26 87 95 14 16 9 87 41 21 16 42 25 96 74 68 76 99 34 92 88 17 96 58 76 81 34 56 76 46 82 59 9 59 52 48 58 85 54 83
9 76 88 61 79 94 35 24 63 99 58 50 78 60 2 34 96 84 13 62 73 38 26 59 71 81 22 61 3 25 78 90 41 5 70 80 36 26 15 65 24 32 25 25 56 41 7 24 15 50 46 80 17 88 80 99 49 73 37 8 99 88 22 61 38 96 16 14 92 41 78 24 7 71 35 23 64 54 59 12 72 25 51 48 23 64 23 77 29 33 67 61 43 8 81 1 65 7 89 54 43 60 16 54 8 65 20 95 82 60 32 26 72 7 83 38 91 47 17 39 33 34 55 96 99 42 14 25
25 75 22 73 20 2 98 95 67 86 26 38 97 21 5 3 53 50 36 64 12 63 67 87 52 98 37 16 45 82 85 20 2 25 26 86 72 6 24 0 48 39 98 21 80 85 6 18 4 2 74 27 26 24 28 43 0 61 28 74 61 6 26 13 38 25 14 66 89 1 9 72 17 40 87 98 50 56 68 21 51 52 91 81 45 11 49 92 59 97 24 79 9 77 87 77 17 77 92 60 46 41 2 7 42 66 62 69 73 91 44 44 10 19 68 54 54 90 18 62 6 47 73 14 58 77 68 16
47 38 97 16 40 52 39 49 18 21 83 34 80 53 19 67 63 84 66 24 77 55 15 21 29 27 3 47 66 50 8 88 85 50 46 32 9 27 48 33 84 98 54 29 74 88 85 95 14 68 68 45 36 36 5 3 21 0 74 70 63 19 52 78 69 58 27 2 0 86 39 60 80 26 52 92 53 83 6 63 69 65 97 31 14 89 26 87 74 14 6 66 29 80 97 52 16 85 17 31 97 5 38 15 0 91 62 2 5 95 13 46 99 53 60 64 75 46 83 53 44 57 16 33 1 12 55 33
23 44 84 84 55 99 97 77 76 24 84 67 37 19 54 72 56 21 6 36 63 90 30 39 39 46 65 3 62 35 21 48 44 71 48 46 27 0 12 47 71 21 92 62 96 40 18 84 85 81 47 21 12 41 87 74 97 9 91 60 59 93 9 12 75 49 80 70 4 97 2 16 88 7 95 75 24 34 36 85 20 14 67 7 24 83 0 50 56 43 85 84 7 81 89 67 65 97 35 0 80 92 15 55 90 24 37 37 37 36 48 92 67 17 32 2 20 19 18 70 42 74 34 13 21 85 27 36
13 76 5 37 64 12 73 56 32 24 61 84 2 50 14 37 50 27 10 0 93 7 80 66 18 95 84 51 21 71 3 19 99 14 86 2 95 26 95 99 85 9 61 28 57 59 32 72 53 13 35 66 8 14 81 81 27 36 95 8 69 94 49 46 66 68 82 0 84 4 77 68 93 99 64 88 45 42 30 19 75 83 66 47 68 1 83 95 0 89 5 84 97 89 89 53 42 89 64 29 61 48 45 93 61 97 23 21 8 92 2 14 74 43 17 1 12 56 13 87 32 54 27 14 19 78 99 32
82 6 87 59 46 30 1 50 39 71 36 96 80 12 9 7 55 12 56 0 51 71 49 31 31 92 32 43 73 2 19 23 31 55 64 94 32 84 3 68 0 18 0 56 42 92 59 80 20 19 16 83 68 9 71 8 24 63 39 87 13 65 13 50 84 71 86 3 15 95 7 88 70 64 89 31 55 82 39 77 51 56 5 97 61 51 62 55 66 24 35 26 88 12 71 90 42 23 1 38 22 66 45 73 59 22 83 42 20 13 61 53 13 30 66 43 61 98 4 26 45 46 57 74 22 98 53 44
43 38 73 83 17 39 51 70 13 91 76 84 20 11 48 73 78 74 44 47 44 90 10 55 76 10 57 41 33 31 28 74 82 70 45 30 22 72 40 7 68 16 3 12 31 95 25 55 97 63 42 15 13 52 1 93 20 65 14 60 5 85 3 58 99 65 75 15 76 60 32 57 47 81 8 53 72 44 72 65 9 1 63 2 25 48 40 29 84 60 59 25 38 91 55 13 72 0 98 93 35 21 52 5 59 93 53 18 29 36 21 23 19 70 3 42 38 17 65 2 63 83 71 9 21 13 23 14
37 88 9 32 90 27 63 94 9 87 55 96 47 59 70 1 27 5 1 86 43 84 89 31 98 47 52 58 87 47 51 66 93 11 27 98 54 13 0 37 17 43 55 26 91 32 98 15 58 95 40 10 53 86 85 43 20 13 44 48 58 79 15 57 4 91 95 0 52 92 16 43 69 95 81 88 27 64 77 98 8 44 86 44 65 55 52 50 19 90 44 33 80 66 83 67 58 87 92 52 99 89 43 57 67 59 45 17 49 93 36 49 96 21 44 20 62 14 36 70 4 56 77 18 13 25 70 67
0 22 26 50 39 39 66 65 99 51 96 13 13 64 33 6 76 24 19 52 1 94 85 59 80 38 52 96 50 8 93 76 18 52 39 80 27 47 68 39 44 58 75 10 32 79 67 68 12 39 36 82 48 27 66 49 2 99 81 60 87 76 27 18 25 87 77 36 61 49 33 97 24 26 99 11 48 21 87 26 14 35 43 29 72 28 75 73 54 65 46 39 28 3 46 74 38 14 79 64 6 95 21 3 27 32 7 39 25 41 37 59 5 43 94 6 32 76 50 41 26 44 55 68 52 40 64 17
74 95 80 14 93 20 39 19 76 53 98 23 8 51 16 22 43 9 31 81 36 12 73 37 55 63 85 49 61 78 23 67 25 15 71 86 27 55 85 45 27 50 75 54 76 33 94 96 98 53 32 56 8 30 16 25 11 27 74 2 31 69 0 46 7 77 88 25 45 80 82 29 73 27 31 32 95 20 34 71 1 47 61 2 31 47 33 81 30 54 39 5 85 58 71 79 50 89 65 74 22 22 93 64 59 88 22 91 70 54 73 19 2 17 1 14 47 87 42 95 57 37 74 84 70 82 96 96
47 90 67 87 37 72 75 71 38 62 31 51 27 62 11 81 20 34 24 21 75 16 48 21 81 88 74 32 49 40 60 19 63 83 41 20 56 98 62 23 57 64 13 4 38 31 24 11 97 54 34 4 60 35 47 63 87 54 33 54 19 37 89 99 79 13 19 94 80 3 31 99 73 72 20 97 86 45 53 57 40 56 82 31 37 85 18 67 8 73 98 23 84 64 14 56 1 82 76 59 72 29 20 17 30 17 27 58 65 35 81 65 98 68 72 21 23 5 95 34 59 48 70 28 78 20 42 8
83 76 28 25 25 73 85 51 92 75 78 48 58 36 80 75 73 0 22 7 55 22 73 90 9 80 55 26 2 44 99 70 93 13 33 62 45 91 46 12 97 79 78 18 39 82 16 46 32 67 22 36 94 5 63 21 47 23 17 61 73 19 59 15 15 71 36 64 97 16 76 58 84 75 82 96 58 63 36 97 63 44 45 18 61 71 97 58 93 69 40 9 66 55 72 60 71 66 58 8 54 6 13 70 91 45 66 61 74 83 39 38 57 65 67 78 73 99 54 31 24 42 57 17 20 29 36 90
19 81 80 16 64 99 33 3 74 62 78 12 3 67 40 24 27 62 85 55 61 50 22 64 64 35 88 59 86 6 3 23 75 1 73 70 60 4 31 81 32 88 74 43 27 94 49 82 79 17 27 17 60 56 98 99 12 63 91 43 38 57 61 68 14 44 57 71 74 30 48 57 19 34 92 1 75 12 30 2 33 59 78 9 19 27 7 38 23 74 11 10 2 78 52 80 69 27 67 9 32 56 17 4 25 22 52 0 42 1 57 57 86 52 52 93 53 43 6 74 70 31 34 52 58 47 63 12
21 95 51 75 20 51 91 60 2 19 46 62 59 46 33 77 79 94 27 39 82 80 16 60 82 76 2 17 36 24 75 20 49 11 64 15 74 49 44 20 85 78 94 89 86 93 61 99 11 34 35 4 86 84 54 84 58 19 61 84 26 72 94 3 16 98 75 4 56 72 56 83 9 54 1 50 75 82 50 1 82 78 53 27 23 13 27 15 82 11 41 77 24 46 77 52 96 30 8 30 40 63 54 64 50 75 3 93 42 43 10 42 40 87 33 63 81 74 20 13 99 60 51 43 61 57 49 29
0 67 67 30 18 16 58 68 63 45 93 25 0 71 86 41 96 4 21 60 66 40 87 96 60 98 14 32 79 79 48 42 15 77 32 71 94 91 68 14 55 59 90 15 36 87 75 4 80 72 63 97 25 89 86 69 96 96 99 63 83 97 83 7 63 70 10 64 54 17 91 0 80 83 94 62 53 81 81 35 26 6 75 45 54 70 22 35 49 67 27 97 94 5 44 24 94 68 37 88 49 94 28 87 29 92 0 43 7 22 63 28 14 34 55 69 42 13 51 1 73 91 38 17 38 37 10 44
32 2 12 63 43 72 91 37 49 41 16 95 56 75 87 25 96 18 36 50 15 72 13 25 72 4 71 37 87 36 62 20 4 68 96 6 11 7 17 47 44 13 20 81 8 24 80 66 61 27 67 84 69 54 5 84 48 81 5 60 45 9 45 4 67 92 2 82 0 4 35 63 37 34 87 76 34 90 37 55 91 20 21 92 22 54 17 6 51 74 65 21 39 31 78 96 79 41 75 31 47 11 64 73 46 18 34 77 15 74 84 51 2 96 10 28 91 88 11 6 47 84 79 91 35 75 47 16
59 64 98 99 13 72 57 40 79 33 62 56 94 0 24 48 1 38 28 34 96 35 7 65 53 58 66 26 42 26 31 6 13 1 46 78 57 88 40 78 45 44 79 83 25 2 15 31 41 87 15 76 71 39 37 76 8 36 15 35 7 86 29 71 40 13 21 74 76 87 98 64 40 54 20 3 51 15 60 96 78 40 34 40 21 23 38 76 99 18 48 32 27 80 62 30 12 55 12 50 55 69 23 27 38 1 52 58 26 39 11 38 61 52 27 78 97 93 41 51 96 7 0 91 50 72 65 56
89 81 61 82 35 12 7 94 92 32 65 39 72 48 28 15 59 51 16 20 3 57 13 21 57 46 67 88 54 4 39 72 70 19 86 76 99 1 66 83 33 20 18 14 28 33 23 82 56 17 74 43 63 24 80 50 30 88 87 14 46 61 38 45 9 96 55 97 71 95 89 25 61 64 42 64 51 0 89 8 15 39 69 31 56 49 27 98 94 48 0 16 2 28 75 84 54 25 99 7 60 28 11 29 16 73 66 34 77 95 79 78 24 13 75 80 82 61 2 74 29 7 32 57 66 79 20 53
44 99 63 25 33 72 57 80 66 55 9 39 61 74 43 76 90 43 73 25 13 96 23 28 2 50 80 57 56 23 39 67 36 32 62 66 9 96 23 92 9 21 6 17 16 74 15 71 27 7 76 81 11 78 4 40 26 2 3 2 97 76 23 99 18 99 90 98 80 22 82 45 57 83 50 62 60 76 87 82 24 83 94 40 73 19 2 83 55 2 56 64 8 92 60 35 16 22 6 97 41 94 31 94 58 64 99 55 41 65 99 15 52 80 57 69 58 64 88 86 12 21 37 49 25 41 73 69
59 66 24 53 45 10 49 59 25 12 33 53 25 9 12 29 69 81 60 33 66 65 94 55 70 70 21 15 10 94 7 37 24 1 84 4 47 29 21 90 33 15 3 54 21 18 6 70 9 66 91 91 91 92 28 76 75 54 50 21 42 26 88 80 47 68 81 37 86 78 36 34 53 81 36 19 19 13 93 30 6 89 34 42 84 76 17 27 78 97 76 59 20 19 64 40 73 33 26 72 23 89 36 76 95 47 26 2 36 94 97 39 16 73 62 0 75 55 59 91 66 41 46 6 20 37 82 63
20 15 18 17 46 14 74 16 52 19 18 64 39 5 28 83 29 20 78 24 35 75 19 81 31 99 9 36 11 58 19 42 16 64 15 62 7 30 54 89 18 0 66 77 96 49 43 99 43 10 5 91 28 67 85 26 0 38 68 62 90 6 80 67 44 71 57 0 33 31 53 33 46 49 52 8 33 69 89 2 8 67 31 40 79 84 43 16 50 20 7 6 9 15 3 7 12 81 9 48 75 74 5 53 20 44 61 76 2 1 5 12 9 11 30 68 51 24 33 89 69 99 64 27 58 47 4 70
11 62 23 14 95 78 88 24 93 79 95 28 43 13 13 98 40 14 10 91 46 79 42 98 71 50 89 68 89 61 37 67 96 88 56 84 9 57 59 59 37 71 53 72 54 55 99 90 77 75 9 63 70 58 58 13 95 98 94 95 59 3 12 35 16 77 14 73 25 28 11 85 45 64 23 30 33 12 40 90 30 90 52 36 34 99 51 8 8 63 46 25 1 5 89 65 46 65 23 76 38 55 34 17 43 69 20 45 97 35 70 52 88 23 95 95 42 79 64 47 61 37 77 45 27 25 14 17
13 74 86 7 86 32 57 84 41 63 67 47 57 46 65 14 36 62 58 57 0 76 91 68 8 16 77 11 75 56 36 73 67 39 32 44 38 87 73 18 1 60 99 54 92 73 18 68 54 63 61 4 84 58 98 29 54 11 80 67 34 38 49 43 37 30 0 6 13 28 73 57 59 12 74 54 56 3 60 21 35 42 52 73 80 10 73 24 38 5 66 97 19 5 7 58 5 78 86 55 36 1 24 92 89 23 92 55 79 64 35 1 57 96 86 68 90 90 29 17 89 91 80 33 83 90 0 3
7 41 64 20 70 88 18 46 25 39 34 55 74 84 97 29 85 41 73 0 6 40 13 90 61 50 48 21 97 38 96 26 83 51 17 85 93 26 9 45 98 26 66 52 26 95 53 17 65 3 78 40 90 28 76 58 21 17 12 59 89 94 15 67 55 3 15 75 72 70 71 67 23 76 49 10 96 13 93 23 61 9 31 84 34 1 64 45 18 71 37 39 90 31 22 26 28 61 55 24 25 66 54 31 85 35 22 71 71 77 33 70 7 6 89 93 40 12 63 52 84 80 24 52 46 45 77 45
70 52 99 59 72 60 14 24 23 37 87 94 67 19 9 99 48 74 39 53 80 6 57 53 8 53 32 16 3 96 0 43 98 51 83 19 42 58 41 62 60 85 12 54 24 14 37 71 33 39 6 94 7 90 10 96 98 49 16 10 68 39 38 84 51 34 73 75 68 86 12 50 38 96 40 48 94 15 91 97 76 40 88 57 42 7 39 58 76 91 99 9 37 98 48 18 97 74 0 69 54 55 90 31 3 56 95 20 73 75 69 24 22 66 50 20 59 13 87 81 3 11 48 93 35 5 23 34
27 38 32 33 93 67 39 32 38 40 49 62 77 48 53 45 80 3 56 16 4 36 87 2 32 75 63 2 44 33 12 24 24 32 69 34 72 47 22 23 52 11 14 31 12 54 50 52 60 47 22 52 12 93 88 72 34 76 31 58 74 25 0 89 35 81 35 30 84 45 72 17 4 37 71 18 26 70 48 11 24 54 44 82 27 23 12 16 43 0 86 16 17 46 20 59 11 38 35 65 3 98 58 82 69 44 5 60 85 54 7 56 94 4 19 11 31 72 79 52 60 87 8 4 85 19 96 54
5 28 81 64 81 8 69 79 6 66 62 6 93 62 46 43 87 3 23 22 38 15 72 92 51 36 51 48 4 30 74 99 62 65 49 69 77 99 83 96 66 61 55 68 58 33 10 1 15 92 43 21 81 43 23 80 42 99 41 98 74 95 93 43 35 15 41 65 50 57 17 57 85 31 45 81 47 46 21 52 73 67 76 83 1 70 20 62 25 24 71 6 27 76 91 58 41 79 69 91 6 94 67 71 47 90 83 91 39 65 70 62 8 14 35 82 81 66 21 28 47 97 44 8 47 58 96 58
21 81 23 15 76 89 97 8 39 8 54 70 5 83 44 82 87 60 18 24 44 2 15 86 8 81 54 66 61 21 27 72 53 68 78 12 39 59 43 54 1 30 8 74 87 83 82 9 39 83 20 71 91 82 0 33 85 16 3 68 64 99 32 77 53 87 65 9 38 66 70 25 97 49 16 70 53 1 99 55 98 95 42 69 63 98 89 2 64 65 72 16 70 31 82 25 73 87 68 71 28 77 5 23 82 47 43 11 8 45 37 45 19 58 66 98 90 11 84 84 67 2 49 56 69 48 74 6
40 47 79 58 4 95 11 45 73 69 97 23 54 7 69 78 2 19 25 3 45 10 64 51 96 5 2 27 82 55 72 77 27 46 7 19 15 92 49 24 21 28 81 49 21 59 22 33 55 39 93 70 63 21 68 74 95 99 21 70 63 35 10 26 51 41 37 75 46 42 34 95 61 65 67 12 48 14 71 47 20 32 60 97 99 14 16 97 4 34 39 43 74 97 84 93 77 7 11 53 99 33 74 39 75 76 41 55 80 63 96 78 25 44 2 60 34 7 0 61 21 0 91 37 30 98 68 72
3 45 29 97 29 18 64 84 48 72 0 51 79 16 36 81 17 27 76 21 19 22 98 47 69 90 33 87 97 66 50 94 22 84 91 2 56 20 24 13 30 16 77 22 81 53 74 67 67 81 52 68 32 88 43 37 52 61 34 50 65 22 45 91 41 82 12 5 90 54 57 40 23 3 10 90 48 61 37 50 7 99 52 66 67 88 97 91 62 72 91 42 53 29 8 34 22 47 61 61 50 79 57 88 73 9 67 4 14 88 12 58 32 2 21 10 35 76 44 1 46 90 60 2 76 62 26 41
6 53 96 75 21 3 65 23 94 95 91 82 9 11 4 10 21 80 34 64 1 43 10 2 90 20 56 80 2 56 29 79 31 17 33 47 35 9 3 61 90 58 46 22 58 95 50 80 30 63 41 62 19 2 75 7 94 74 86 45 3 72 80 72 21 78 41 31 71 1 72 75 52 55 59 86 44 19 1 60 30 81 10 60 60 89 25 24 77 30 51 48 77 23 84 61 37 12 94 10 79 10 82 64 58 1 17 75 36 88 65 86 0 35 83 36 52 14 10 2 52 56 57 44 60 30 89 6
31 91 49 89 20 93 70 6 18 79 54 6 87 17 26 6 72 30 7 13 72 85 19 40 3 79 59 76 41 76 18 46 82 93 12 80 27 44 21 32 59 15 48 76 37 10 3 44 96 94 69 9 12 61 93 76 98 76 37 68 36 89 48 87 26 98 84 1 30 85 99 96 57 61 21 64 12 67 12 45 55 91 41 97 62 90 51 26 55 94 56 94 38 6 16 85 61 39 42 56 68 62 10 91 15 70 45 66 69 67 31 81 74 42 28 10 79 43 49 30 43 0 80 37 7 96 65 5
40 16 16 8 27 74 68 26 72 48 77 42 94 5 88 95 16 34 13 77 48 7 67 1 70 41 80 65 79 93 64 99 45 30 57 39 90 66 35 6 67 76 68 5 11 80 8 57 56 64 70 83 96 14 11 11 60 39 75 15 62 45 44 61 52 91 23 48 5 72 78 43 9 42 98 14 0 38 51 5 32 97 66 47 82 86 51 47 74 47 4 41 41 7 90 16 61 79 45 96 11 31 32 63 71 69 17 34 52 25 42 61 60 15 23 81 3 83 26 29 95 16 50 6 43 10 83 70
36 65 7 57 62 6 10 49 90 68 24 6 67 29 24 40 2 25 0 31 39 94 89 86 53 13 58 56 38 82 85 88 96 90 82 63 22 16 40 98 99 52 32 17 97 19 25 41 67 4 40 88 43 6 65 70 58 66 32 75 24 53 86 0 6 20 92 96 30 92 16 6 82 55 80 5 49 53 51 41 84 81 46 80 41 30 23 16 71 77 48 18 80 68 70 14 65 56 47 73 73 66 93 97 90 22 43 49 3 22 43 86 30 36 70 76 68 69 86 57 57 1 65 83 73 70 22 86
9 35 49 78 8 91 92 93 86 51 42 20 69 40 79 94 4 68 19 5 83 86 78 58 7 8 60 64 43 9 94 62 2 64 81 86 38 56 71 72 40 55 1 41 4 96 21 49 3 13 62 33 72 64 96 34 34 60 16 73 46 98 43 47 92 4 70 0 32 30 30 56 43 96 83 59 56 89 19 1 44 90 41 68 45 24 30 28 24 37 70 29 14 77 4 76 49 61 3 97 83 58 40 48 32 5 45 79 11 30 50 12 18 94 11 30 12 60 13 83 79 16 54 4 34 43 42 38
11 27 25 59 32 83 74 49 2 86 68 92 6 10 38 44 26 43 80 43 64 87 68 47 36 96 6 23 75 12 29 2 94 98 19 42 54 14 73 73 35 5 73 2 98 46 3 84 36 54 23 22 48 5 50 89 13 14 90 2 20 59 17 21 79 88 52 42 85 45 38 79 86 67 14 13 81 94 65 17 67 68 68 66 87 93 95 72 95 31 16 41 66 45 47 93 39 60 50 52 4 20 31 37 1 62 33 40 80 97 37 83 95 53 8 24 70 23 43 96 83 94 70 91 34 54 38 76
82 78 80 70 27 51 39 47 94 49 83 6 24 96 25 36 31 25 58 47 91 18 79 55 70 88 96 12 52 89 24 77 24 28 95 0 91 58 66 6 3 34 16 54 18 21 88 91 6 18 56 26 85 80 90 77 98 25 44 67 82 11 25 8 6 7 44 72 4 83 15 86 86 76 97 64 46 27 9 75 2 6 66 99 42 83 69 28 94 10 84 52 68 61 10 16 2 76 9 35 28 91 94 0 66 8 86 33 66 95 26 62 15 77 55 4 15 68 74 85 7 83 30 17 49 66 73 77
2 90 84 62 97 36 38 25 18 68 4 56 58 55 18 40 31 2 72 20 14 48 31 39 24 87 87 63 58 64 27 33 17 9 15 98 77 7 65 13 83 66 27 68 3 91 86 15 4 44 63 37 61 45 3 85 40 39 33 21 90 80 42 39 59 60 67 56 22 28 22 43 89 92 39 90 83 24 39 40 0 2 49 41 86 50 67 3 79 31 68 21 34 4 12 40 99 16 56 86 29 7 57 61 22 30 44 61 67 83 52 12 72 7 19 68 38 96 31 46 74 77 35 39 46 44 71 45
95 98 30 95 17 89 46 21 28 6 27 2 59 3 64 84 29 1 24 10 92 80 16 96 99 95 5 54 83 60 38 25 4 86 88 49 63 45 99 14 31 74 10 41 81 24 66 53 6 2 8 14 90 9 85 86 52 47 94 16 90 26 5 2 64 4 35 47 54 54 60 73 31 91 86 58 99 92 1 48 79 56 88 57 77 31 44 84 27 95 15 78 63 25 52 5 78 52 67 21 24 31 58 34 50 1 20 55 75 60 68 15 64 8 60 79 0 97 33 38 94 12 22 89 88 72 78 16
44 2 77 31 60 64 50 47 87 48 26 34 16 13 18 97 85 80 85 94 78 85 38 78 74 2 63 34 81 78 64 22 73 59 30 45 91 77 98 67 35 9 7 43 21 18 32 69 55 62 82 71 48 40 6 45 29 23 68 3 75 72 86 56 6 83 34 2 80 16 70 45 10 27 99 13 54 33 13 75 19 1 5 6 30 71 62 10 65 7 65 86 86 11 83 10 15 88 72 86 99 87 69 40 60 75 25 59 8 26 62 78 50 85 46 3 28 1 82 51 22 99 74 30 72 8 40 79
91 38 36 69 17 73 50 21 29 92 84 44 32 47 9 5 24 92 83 60 14 96 84 90 64 25 18 92 82 60 86 31 0 90 49 70 33 21 63 73 97 21 40 55 55 56 26 9 84 36 63 1 69 94 93 77 32 94 30 3 22 97 67 69 61 74 21 69 46 93 52 56 19 64 64 48 64 47 10 89 69 40 56 31 73 53 85 59 2 15 31 22 6 62 25 15 89 29 49 49 55 42 19 48 98 42 28 46 44 72 28 93 68 10 1 0 83 71 93 92 9 7 8 43 67 30 82 52
23 5 45 45 20 63 56 35 84 56 19 46 68 29 63 23 33 59 15 76 2 95 62 16 5 87 44 16 63 77 48 23 73 91 57 97 72 19 67 85 49 83 8 43 32 71 54 30 49 65 46 89 59 39 70 64 33 22 60 67 87 66 13 72 32 80 66 99 56 54 18 7 13 65 41 67 42 94 31 94 89 74 14 25 1 65 66 53 18 41 35 75 1 15 91 39 29 51 72 56 28 34 28 53 93 7 99 2 83 89 14 30 6 66 97 76 75 34 51 64 54 4 35 86 50 59 27 29
41 10 60 71 98 56 12 52 91 15 16 36 57 42 90 31 75 44 33 86 21 41 38 21 79 50 67 57 7 39 84 24 70 28 89 10 67 37 89 89 85 49 9 49 24 3 75 72 8 84 58 37 4 55 69 27 59 58 3 8 50 48 59 27 24 83 18 2 53 28 4 45 60 3 0 64 60 61 9 76 9 70 7 21 16 16 75 41 82 0 49 17 18 6 59 49 21 74 24 78 3 22 58 53 24 36 55 74 62 88 16 65 36 12 14 32 83 93 71 34 51 80 99 13 45 53 81 7
12 25 88 29 38 34 36 96 55 64 48 33 38 75 14 56 87 76 79 98 19 82 37 30 1 4 72 27 84 94 45 46 91 74 52 23 61 97 15 63 43 11 7 1 57 23 79 77 74 40 31 59 97 13 97 3 70 86 84 68 64 63 36 11 28 43 5 81 57 61 26 25 91 66 89 8 91 45 64 89 66 16 75 21 71 36 25 85 34 1 97 11 57 62 96 75 10 65 54 64 91 50 81 37 96 51 32 55 35 82 65 53 8 36 70 27 75 29 14 48 12 27 15 99 23 30 9 30
69 5 90 0 0 52 6 62 38 73 19 6 8 73 3 35 71 16 75 51 51 95 99 14 16 1 10 67 76 3 61 17 96 36 41 76 17 47 14 73 29 0 62 74 62 32 56 97 89 69 47 51 96 6 68 76 4 42 80 41 28 85 10 41 31 47 96 45 55 90 76 69 86 62 60 99 52 84 72 12 31 74 19 91 54 24 77 98 53 55 54 28 83 80 92 17 53 86 28 56 32 44 31 81 30 93 1 17 56 72 42 17 53 97 90 36 96 62 70 33 51 2 49 17 88 12 80 80
75 30 97 95 84 88 15 27 98 22 18 20 56 18 43 95 25 61 60 7 44 44 71 80 46 40 2 31 38 71 68 26 44 46 82 17 19 94 47 61 98 64 12 47 98 55 34 14 74 34 86 46 42 25 25 95 70 11 49 34 90 20 74 6 87 23 85 0 38 24 29 92 28 14 30 45 22 73 45 4 4 87 83 40 89 34 58 96 21 92 97 42 85 71 54 29 85 87 74 68 33 97 62 79 84 71 99 1 27 92 84 42 23 14 43 72 0 77 72 64 94 54 51 47 48 22 35 89
59 82 59 94 34 26 19 20 22 22 78 99 45 39 71 11 79 26 57 74 32 29 56 58 49 25 69 69 7 79 33 56 60 17 56 97 59 61 8 62 66 97 84 70 10 81 91 35 44 1 67 73 90 72 39 68 78 3 58 8 61 38 57 88 50 79 64 8 73 38 0 31 12 47 15 57 20 10 61 82 67 30 23 49 78 54 8 36 27 11 59 55 96 89 63 69 90 62 57 94 65 2 37 96 41 60 95 92 30 64 68 0 58 54 12 10 57 83 56 48 29 88 72 51 8 22 85 96
85 27 84 86 92 22 74 83 91 37 24 95 37 40 87 9 76 60 49 20 55 45 30 11 17 23 61 85 61 62 68 23 22 97 38 23 39 37 44 91 35 73 14 76 16 18 89 78 64 52 85 48 15 34 7 11 1 82 3 72 65 98 20 24 91 64 79 36 10 50 60 19 65 85 78 5 1 40 11 3 72 82 28 57 56 76 83 33 44 30 56 36 40 35 21 64 79 86 89 52 88 17 95 16 78 43 74 75 88 96 66 80 23 49 25 18 6 43 3 53 60 22 37 45 15 14 8 52
89 95 86 55 53 39 58 76 60 39 62 12 52 1 83 49 64 97 41 21 69 83 28 16 84 64 14 65 69 77 32 4 9 0 59 45 72 9 92 70 68 27 38 90 65 99 29 86 42 43 42 13 79 65 7 10 45 18 20 55 87 25 19 29 12 77 30 2 4 1 59 41 82 20 95 20 18 67 50 20 26 86 17 64 35 6 32 7 67 57 57 5 55 47 4 33 71 46 85 58 42 44 27 97 55 16 89 29 48 6 95 61 77 54 7 66 46 53 48 83 22 14 81 55 57 97 83 56
73 17 48 50 96 4 50 60 17 80 28 75 65 45 15 8 83 53 75 27 87 99 48 59 3 9 39 44 22 83 31 56 72 90 39 5 42 72 80 15 87 94 93 41 42 99 46 40 42 28 80 29 45 56 6 32 77 98 32 28 41 69 54 1 1 15 17 21 16 22 30 14 89 56 44 72 69 50 77 49 79 14 43 37 98 59 89 83 80 67 43 43 45 25 30 30 58 11 61 31 65 25 9 0 56 7 93 58 52 97 31 54 82 5 94 96 99 80 19 66 27 44 96 23 98 87 9 72
29 71 17 99 35 75 5 60 48 45 27 89 35 30 44 61 30 46 80 89 30 94 22 62 6 67 77 69 22 8 10 0 5 57 94 7 62 34 61 68 34 59 70 46 20 96 59 42 18 19 10 42 60 95 49 82 47 97 6 87 69 17 34 82 46 98 64 73 39 83 87 10 12 63 88 80 67 99 14 22 9 42 66 86 77 24 33 52 51 71 15 71 8 79 31 94 82 10 22 23 56 40 94 61 80 53 31 60 56 42 58 93 73 7 78 49 34 74 94 62 19 22 33 93 67 97 78 82
12 20 51 48 42 67 82 5 88 81 96 70 10 36 32 75 80 97 61 18 64 8 44 41 68 17 62 0 22 93 30 83 94 49 24 9 34 71 86 77 82 74 56 23 76 81 65 2 37 67 96 31 85 50 21 17 3 23 25 51 86 42 39 29 15 5 57 54 64 95 51 58 84 24 15 88 80 26 24 6 95 57 29 92 67 58 57 21 22 65 76 96 18 58 78 21 46 76 16 44 5 71 74 13 30 94 32 33 56 81 66 79 77 42 96 62 45 67 47 89 40 35 87 13 91 20 70 19
33 24 77 32 76 75 40 16 56 48 88 37 91 34 99 61 1 11 81 90 84 68 12 42 37 37 67 43 95 77 67 74 99 16 94 0 63 31 14 65 58 97 78 7 82 73 23 79 70 45 76 83 95 1 11 21 25 49 61 26 58 50 6 76 3 48 74 10 45 5 28 46 57 92 4 78 86 74 9 76 21 89 95 56 26 7 79 64 97 62 11 89 92 78 62 6 89 92 29 41 57 4 72 16 31 24 60 49 94 46 73 19 40 18 74 76 18 91 25 98 6 66 21 22 90 6 42 33
74 40 74 80 40 69 96 4 5 79 35 14 10 5 80 98 15 97 29 33 20 21 81 62 86 61 16 26 3 52 2 22 0 0 63 71 98 96 47 86 4 76 83 11 75 43 45 80 92 7 65 1 31 90 36 10 43 65 1 37 94 85 95 33 70 41 29 75 5 31 84 63 52 39 61 3 22 84 46 64 40 95 60 12 92 93 43 34 84 17 97 63 56 73 27 16 17 26 68 15 65 27 84 92 17 8 11 55 38 58 49 28 38 89 32 2 86 49 88 35 89 84 33 44 53 75 7 39
20 64 9 46 10 72 3 44 9 9 95 31 13 98 67 86 11 30 66 78 3 96 4 24 4 6 91 45 12 1 47 91 66 86 58 73 1 68 95 93 48 82 74 92 61 30 60 84 82 52 42 44 87 60 68 58 68 3 28 83 78 75 99 43 41 75 48 27 59 10 78 60 68 74 14 14 68 85 31 44 24 16 11 81 21 79 32 34 46 80 60 64 83 69 7 53 17 79 31 59 26 78 48 44 98 58 44 10 25 79 80 22 3 85 62 13 84 87 91 95 18 83 26 18 6 58 11 81
66 52 96 38 41 40 84 39 81 46 39 3 31 38 83 62 26 96 67 5 90 64 74 52 96 32 39 54 77 23 85 62 11 98 22 64 92 75 76 54 55 42 51 61 73 18 79 33 85 6 95 19 3 92 98 30 65 49 54 9 64 35 8 78 73 36 38 71 6 8 31 21 55 4 22 54 8 11 25 25 74 51 60 74 79 89 99 34 99 86 10 63 82 33 85 68 49 47 69 4 8 83 66 67 75 81 0 4 54 24 8 95 73 50 71 17 28 30 32 7 73 86 74 9 40 0 98 28
72 3 53 6 40 46 5 8 56 43 6 21 92 75 97 14 23 78 82 55 42 58 35 64 14 38 67 81 54 45 74 60 71 3 11 21 9 26 10 10 2 21 89 19 83 13 33 9 15 47 61 29 95 4 4 39 61 88 89 14 6 41 34 75 45 5 97 38 18 29 80 13 80 25 26 79 74 95 80 49 52 20 59 10 39 15 2 32 39 14 80 24 54 65 1 53 85 83 75 74 28 81 87 5 65 26 52 31 12 80 7 87 26 23 84 38 11 50 26 77 67 29 36 73 12 69 26 93
83 51 28 52 66 19 38 85 15 12 30 73 14 89 39 7 0 22 59 8 46 65 31 87 98 24 3 71 89 0 50 1 15 33 57 59 5 69 89 67 87 3 53 6 24 90 5 78 22 46 31 76 59 63 74 93 79 53 57 6 3 50 96 88 43 21 24 28 57 70 94 5 38 69 71 83 24 19 54 51 1 42 86 74 28 29 0 2 24 44 69 97 11 21 58 79 32 3 25 21 24 41 97 87 49 57 11 35 44 34 31 98 17 26 71 96 1 96 27 8 6 2 63 50 67 61 56 47
19 31 22 14 74 88 86 69 26 99 49 98 3 59 64 22 18 48 83 29 20 82 1 97 80 76 47 40 81 95 94 19 29 73 6 2 64 9 53 9 25 71 63 86 89 37 45 4 20 30 11 59 67 15 7 34 73 68 55 65 77 26 26 49 52 88 23 37 25 5 73 51 18 87 5 38 96 62 47 77 76 30 12 96 44 98 93 83 96 90 9 33 74 29 20 90 34 61 64 35 80 95 83 19 41 92 48 79 38 51 95 5 55 81 68 30 3 73 72 91 63 69 16 12 0 6 98 84
28 29 0 82 8 1 29 5 34 69 5 60 56 38 11 58 89 5 89 31 74 78 48 75 16 59 99 32 28 4 88 7 19 32 54 34 6 55 23 63 18 58 68 60 65 95 36 22 96 1 33 37 22 29 96 58 31 2 27 14 24 63 33 44 22 44 52 6 39 54 60 37 15 60 93 20 47 1 17 46 12 88 65 89 86 6 26 54 69 34 0 96 15 69 43 89 75 22 73 99 64 38 31 78 86 94 57 35 51 57 11 92 19 20 7 13 96 35 16 54 21 33 63 92 25 6 36 51
69 21 87 41 94 6 82 1 96 96 39 73 5 55 83 85 43 84 93 61 8 75 61 74 5 57 6 3 6 22 78 70 77 52 11 9 80 83 35 24 90 50 73 28 90 50 31 36 16 57 82 50 16 8 71 92 99 7 34 75 95 19 49 10 69 96 50 37 46 47 60 50 43 26 45 86 65 71 35 13 87 71 76 72 99 2 33 25 85 93 42 44 63 17 48 8 88 15 63 76 68 82 31 90 62 24 99 58 25 42 49 70 31 38 61 93 82 42 42 98 80 80 28 1 94 79 11 75
20 58 1 46 16 32 58 29 9 61 98 16 56 7 26 51 10 63 28 23 60 42 67 91 37 71 14 15 76 88 18 73 65 87 14 79 37 21 1 37 97 59 3 47 33 1 45 50 92 78 40 30 42 16 40 20 24 89 49 42 40 62 63 47 20 98 26 75 90 22 72 53 25 49 10 80 15 47 98 49 50 15 61 16 70 59 62 32 49 67 37 77 59 51 47 72 60 99 24 66 43 77 63 53 84 40 72 29 16 31 82 53 15 42 1 89 53 45 16 22 13 53 24 74 84 64 44 81
84 90 58 34 23 69 9 97 20 93 17 42 8 9 81 7 60 50 75 26 35 79 92 29 77 73 96 71 51 34 67 50 14 17 31 82 22 29 72 77 5 33 83 68 62 6 37 1 26 19 22 94 50 1 95 68 40 42 67 48 32 56 55 11 76 45 43 77 21 57 87 38 89 43 60 92 70 2 16 15 98 37 61 67 8 22 72 11 56 0 69 65 77 58 99 46 28 75 0 37 35 50 1 6 29 30 31 57 64 29 48 40 93 77 53 79 65 53 33 27 38 25 29 47 43 97 89 15
33 91 56 44 23 18 25 89 11 64 76 45 43 73 15 41 6 57 47 84 18 99 62 21 30 43 56 99 55 19 68 92 98 94 99 75 87 43 7 88 89 87 62 27 65 40 27 90 49 63 36 33 7 81 8 12 63 90 25 64 53 4 14 11 32 29 68 63 28 35 27 16 39 83 43 26 69 42 16 45 67 89 2 39 35 98 82 78 29 57 18 71 38 50 48 9 92 41 41 61 94 32 72 99 31 4 14 26 30 52 16 57 89 67 89 62 35 8 55 0 76 37 51 20 68 70 29 28
49 98 38 95 60 72 92 49 17 25 90 50 2 88 78 46 92 90 21 88 11 62 40 41 45 65 12 49 93 18 49 7 97 75 66 11 87 44 41 98 48 10 27 64 22 73 63 49 91 88 72 52 50 40 79 31 58 6 0 79 0 36 45 15 92 57 15 19 11 2 76 77 17 89 93 60 63 51 37 98 58 63 55 29 3 81 44 66 3 6 42 60 25 5 22 20 92 32 76 32 77 41 49 90 54 32 32 79 8 42 13 34 36 67 89 60 70 32 44 79 12 57 74 82 93 32 87 72
35 25 64 29 31 87 1 79 35 46 76 10 24 2 4 70 9 49 9 4 56 2 51 3 95 96 51 26 50 20 69 29 77 93 32 24 92 69 21 82 45 43 57 15 15 2 32 15 38 52 66 80 62 72 64 71 58 6 62 79 21 21 5 4 2 72 56 92 23 91 27 59 38 64 61 98 32 55 95 94 55 43 62 90 66 33 75 42 84 57 43 23 44 70 65 80 52 13 93 15 5 87 59 23 99 70 88 84 38 39 9 50 56 99 36 18 44 30 79 31 58 13 49 86 16 10 4 15
59 70 56 23 91 72 0 31 5 43 37 45 16 51 76 31 95 13 0 84 76 77 33 31 7 19 20 81 94 66 2 19 72 86 22 73 81 45 14 70 40 22 8 97 61 17 64 24 32 11 58 77 1 96 23 28 38 41 30 44 44 40 90 95 53 33 68 16 89 55 45 53 58 79 76 86 25 44 92 90 43 85 15 71 72 63 55 24 83 56 15 53 91 59 26 30 17 9 81 58 86 91 70 50 60 4 67 34 3 8 59 26 98 8 2 49 67 45 17 21 5 27 60 14 62 42 91 57
17 48 97 21 37 95 12 54 37 46 62 6 9 9 15 58 35 39 96 18 55 47 29 46 90 73 17 36 45 92 5 65 88 20 50 29 61 9 37 37 60 17 85 53 2 36 3 53 15 90 38 2 46 31 16 48 7 56 96 57 40 65 1 63 48 79 29 49 63 54 11 63 95 7 83 3 36 86 17 67 60 6 52 97 72 32 74 87 8 23 73 41 50 97 8 58 36 45 8 28 7 15 11 36 51 31 88 64 0 62 2 8 41 34 0 78 3 68 84 43 5 80 11 82 13 52 94 32
78 21 35 55 69 31 29 19 22 36 3 0 61 57 21 1 50 94 92 98 2 82 62 27 61 93 87 44 1 96 54 40 80 14 30 57 50 99 4 87 1 61 87 44 15 24 45 14 28 94 12 24 97 54 13 85 1 84 41 64 46 60 7 16 74 48 90 98 71 63 55 65 45 21 90 72 73 38 9 9 71 63 64 23 56 26 19 31 57 5 5 23 30 50 34 63 37 97 34 70 57 65 65 38 97 22 0 22 11 47 52 91 93 27 56 7 98 48 84 36 0 38 83 38 88 77 29 97
51 76 74 22 67 4 2 76 7 23 71 9 76 73 57 29 14 9 15 58 42 46 86 88 49 11 69 80 60 79 92 15 11 43 86 40 82 16 16 94 8 19 76 37 72 77 11 23 67 96 57 57 72 6 22 92 49 88 12 5 84 46 14 91 24 23 70 86 40 20 84 88 24 29 60 72 59 21 33 97 81 47 65 13 17 22 20 16 71 25 37 64 25 34 6 13 65 62 2 60 95 53 70 54 39 85 49 53 65 74 39 4 0 77 23 1 21 85 36 63 6 25 89 38 92 80 16 82
61 28 16 75 52 8 85 21 71 67 28 50 30 0 73 67 8 99 85 61 8 14 46 28 11 44 54 36 64 19 83 89 82 52 41 78 49 69 76 12 29 75 39 64 75 39 79 45 78 45 74 83 66 98 5 74 46 34 91 73 16 0 90 81 50 3 97 8 8 34 29 99 3 87 10 34 90 3 59 1 52 28 76 35 29 38 67 50 65 87 19 69 67 98 27 50 37 7 30 12 25 31 2 1 82 66 39 77 17 97 64 34 1 61 78 49 29 56 78 31 62 7 21 93 32 88 88 51
27 43 34 95 2 87 26 15 84 27 56 62 47 58 84 29 86 2 84 16 86 89 29 18 21 84 23 77 27 95 62 79 52 7 2 46 12 21 32 33 0 53 43 25 38 73 6 64 0 89 6 19 55 54 23 34 82 32 74 40 57 78 99 19 7 13 12 61 18 76 88 54 15 61 18 59 34 82 21 22 4 62 53 87 86 75 25 42 2 16 90 7 49 36 66 59 87 88 74 98 96 72 61 83 14 18 91 89 42 89 38 78 60 38 93 58 28 71 40 6 77 90 93 49 88 18 16 92
