149397 158991 120737 152419 171298 153897 149265 150804 163773 152486 161151 146271 133795 138803 155849 149198 145521 160083 144548 156721 159125 141616 138800 152545 138655 146678 145771 143975 135329 154054 126961 129155 157799 147022 138949 129755 133179 157713 138009 166479 122123 156400 139599 172608 167631 141135 133487 136395 135694 144651 149065 164866 159295 144363 161254 157309 148118 135050 132328 153113 146553 128466 160967 155626
145065 158590 156568 162115 175810 171390 163975 174954 174278 150006 175548 150400 150662 151753 177854 163926 153246 167183 159635 179009 170792 149881 161356 161835 140625 151970 166724 147538 159757 165724 138380 144563 140323 151056 160974 135114 145046 167954 149055 182406 146088 155664 154631 167495 187379 154900 157323 150403 149635 159640 170626 174513 181411 141964 166043 169441 144313 164706 158183 174117 153047 142608 175240 162922
165267 180417 162304 187197 187988 177141 177453 187752 180962 170665 189674 165755 155045 175717 179108 159718 161123 186153 173362 183169 180437 163836 158765 163681 148359 158368 175825 148401 150001 177880 153920 147082 167033 167940 173040 141807 161466 196971 161879 201389 149228 169820 160489 168938 188560 156427 164474 171401 161495 160125 170541 171104 180169 151874 180350 180587 160557 172341 171717 167998 166490 156329 178050 165723
169096 190901 163233 181881 204655 196513 202388 204941 199010 177002 203143 170107 167212 170814 192552 197487 175547 191252 176418 190944 179505 172883 196704 184401 166241 173402 177786 182855 182108 200364 158823 163808 181622 196597 200637 164226 150785 184271 163266 208055 172712 180871 177204 197287 206720 176293 175617 175327 174512 180454 193461 195686 183831 177137 192159 207722 173777 196713 174117 199622 187950 166679 198638 187908
150815 165420 140196 154336 180761 172506 156751 167210 165059 168045 184353 162795 148880 161799 157581 150014 151164 178485 160082 166920 166390 168806 159231 155585 161085 148747 179174 152308 171398 170355 154549 143740 166275 162573 178548 145543 141713 160864 138002 184352 142571 159774 161859 166607 188572 163965 150677 160775 143001 158378 163555 170284 161383 158384 165701 171503 152946 162683 165419 156339 169820 168599 175760 165477
136650 141188 135017 149587 161557 145798 150570 155342 148405 136730 157584 149779 138704 143278 140278 129283 134291 161390 143314 153754 157477 131638 145696 140755 136945 132764 136161 140731 153475 130758 125164 109257 143338 138335 155772 121095 139205 157687 127403 158775 125281 149972 141566 146063 148387 137588 129982 141184 121271 142763 135646 145959 156398 131111 139737 156033 144757 142693 141040 147428 142934 130976 155767 144071
124775 136648 127190 131210 153708 145270 140391 158444 139383 125414 154913 123037 121441 119541 134923 135813 139452 136283 120392 142669 144619 131201 134678 135365 120837 131028 125662 118513 125034 146166 116840 115509 129203 136259 136354 114699 120596 142155 128072 155788 126978 131426 124238 157675 163986 136359 127434 134650 129139 130666 142483 139400 134290 123645 139554 153016 106462 132441 124953 140643 126891 120116 146646 132007
145261 170622 153095 175651 193205 164368 182225 187600 167290 168458 180338 145097 164941 152546 170983 156571 163145 180970 156761 179262 180263 166073 165450 159015 159981 162737 171227 150046 157867 172345 148483 137669 151336 172484 171988 140808 148635 173589 152345 180670 147207 161365 159251 186320 185945 161421 155346 164160 161774 159098 159369 179324 177771 150779 169631 174118 155254 162111 160430 174983 161787 146774 182781 162174
150447 169244 129316 156653 182706 169199 153719 159288 171579 152295 171413 140972 131266 144013 165448 149932 161190 181301 140936 171796 158901 152506 153183 154108 154333 143701 166702 133431 151549 175347 143414 136443 151817 149202 157420 136194 145720 165942 151347 163112 136146 149918 149912 182507 173916 149448 137679 151005 148566 159155 155260 170325 156209 146144 150916 169161 135435 135499 158325 153059 144937 143729 173547 146856
172474 186383 165537 181253 196499 180201 179704 189668 186238 166923 188523 150390 179696 172929 192094 170981 171996 201581 172805 188876 190354 173125 167865 168157 169878 175946 193382 163408 175289 185189 158259 153243 182851 183218 169850 151861 149027 193726 174684 186490 154804 180935 160065 205422 195456 159055 177490 175198 180161 181217 176806 191963 189578 161961 187473 180607 166511 182809 164981 179710 181480 164204 194298 165058
174841 191045 169351 181540 198478 175317 189929 191402 186959 178764 189820 173106 168944 169218 177656 168936 179302 202865 185202 184312 196809 169422 180607 170719 173644 174449 179254 163374 186045 172803 167299 163567 190541 182696 175389 148742 167342 193371 166838 195359 181961 187128 174867 200016 196101 168604 175389 181927 175954 184965 183694 197035 197043 163511 186362 192275 168166 185122 169412 192703 186413 169725 191914 182116
137967 140491 126508 152750 160672 142808 143282 147603 140038 140368 156340 138097 132188 128437 156087 126177 128881 156665 134711 152032 151783 134500 129853 124276 131929 128938 151753 131399 130707 145563 124724 118111 141513 137396 143345 125369 118701 154136 129154 160000 124875 152891 138837 155139 162115 142913 132634 146941 128702 139583 141696 146548 144426 128703 140296 151163 136542 142184 123432 131726 136379 127295 152856 136738
149387 160096 136271 153070 170310 155359 144273 163221 168265 151070 164046 134192 140030 147165 155583 155774 151878 159704 146502 172080 162131 137509 147321 146971 140476 143615 154093 136404 142339 163504 137075 133618 151365 159328 151046 135220 137730 172896 142790 160392 134835 151460 140538 170461 175474 140561 138776 139327 142335 153474 155900 158522 160701 144926 161813 166783 143330 158815 134739 154643 149020 133688 173091 142347
141226 170670 143904 144609 165825 151050 152843 168443 154818 144134 155404 138490 138325 142024 151106 140612 147364 169819 136068 171142 145670 144084 134755 146136 140505 135174 145038 134179 138826 156971 131058 128302 151196 149593 143610 127097 133740 163893 136773 142680 135294 129242 138824 163017 166894 141859 142067 146105 137168 147414 153179 148840 153211 140160 161021 153400 133901 146616 139574 154800 148169 138309 161526 131574
142336 166827 136735 134176 154241 165437 166228 159608 163291 141299 162238 140325 126042 138030 144091 148608 161506 154811 140961 150479 136389 133018 142428 139427 126690 139077 140245 134519 154431 157463 133914 130288 154679 157970 156292 119160 138177 158242 151403 157637 135630 142304 136990 154549 167879 133227 132926 157188 145119 154964 153234 161371 151846 142226 156630 154582 115115 149768 148908 152207 149290 123632 146316 132484
165097 179223 162371 171831 193932 190915 182267 179780 165289 175084 197068 166515 156803 163554 175492 174687 183882 190009 161080 184028 177017 159171 167121 174196 160941 166125 173835 155687 165359 184160 155123 159104 160584 168737 176338 142552 157010 189219 170052 192008 146758 169864 161400 191941 195495 166534 158533 185384 162037 159845 174324 186981 185499 158984 171310 190944 149492 158175 185034 176646 165636 153909 174910 170467
164581 184521 169960 175644 179389 187544 174254 188520 185244 167619 184193 165229 162825 168636 183197 174646 169902 193345 165132 175052 173503 159652 165905 161799 170624 187309 182477 153629 167525 182292 152411 157404 164769 175551 171046 142907 144925 176027 156044 187082 156112 170358 156064 193412 199324 163252 167991 165779 159980 171738 187578 185231 177170 170771 171352 189823 156109 175117 162477 173582 163760 166752 195371 167923
142896 158003 153002 155457 182282 171606 163361 184173 179901 155912 173319 157551 147914 148727 179201 152989 150979 163750 146495 163482 167640 157010 145883 144746 163342 168158 164750 148102 160899 169814 137118 132545 149749 150355 166038 135848 132337 174266 151581 167839 139190 152028 149849 174243 180058 148974 152933 149954 145903 153717 164500 165123 172474 156749 160437 173391 149758 146885 164365 165612 161129 138564 175141 151489
145147 167412 152858 144273 174018 173129 170495 167304 157216 162093 175662 154717 153496 152086 152921 150803 147272 163438 149789 169567 165284 149868 148113 133422 150665 153646 148301 144056 170146 166581 141823 133999 153808 147837 153707 128281 140353 163697 134814 165810 145562 153670 151508 153602 173921 146210 145304 139798 141048 146784 142077 168292 166496 142654 171820 164869 141789 150649 147403 166704 161999 150274 177001 152855
143354 166882 132644 160986 168606 163375 165986 163129 166004 156373 174704 145221 137232 150152 155903 129214 163499 166635 146146 163451 156273 145992 155318 135849 148820 150565 156206 151345 144004 162531 153416 138123 155797 159672 155239 136150 135149 156496 141486 167320 133382 150544 150659 169543 174734 158111 147347 160173 147368 161319 163982 163065 150361 169948 152535 162885 141247 162898 149650 146221 161563 132106 170616 157009
135279 161906 136927 167476 175984 166201 168487 175632 171655 153593 172988 153674 152729 145020 169587 148292 150649 160736 147955 158617 164577 151447 152369 147590 147035 159792 148808 147668 148534 159000 140672 121700 144637 149832 155327 124202 144172 166302 137523 175041 132127 159837 153005 166011 179312 144390 139423 147611 143994 152931 152001 163204 175735 152478 163058 166568 148444 152236 142514 160626 155699 132795 167497 151937
136582 166977 134143 148239 169958 147154 162509 154600 175562 143683 162982 130495 137225 135599 153207 140680 143660 169371 145763 163280 157812 138796 144616 140878 137352 152316 144019 139659 138420 147896 138569 133842 151874 158040 140519 120061 136513 171615 138824 167529 123096 143630 138466 171203 166427 137359 131449 149788 140563 150673 142375 156440 160895 144572 147640 164663 138663 150481 139161 151519 142907 117928 151178 149212
133179 154581 129331 142537 156059 163369 150402 157281 147876 154071 166239 147779 125357 143175 160127 145985 142133 160774 129798 150303 147008 142894 134981 148892 133438 146383 157202 138055 137877 161834 134042 129831 147223 135637 150270 132469 130752 161598 147611 164641 130481 144894 125340 168705 171129 138526 136196 146258 141232 138647 150217 152103 154967 147800 147890 166977 132633 139169 146194 132315 144352 118802 163409 139282
142375 156640 141170 153198 162207 170718 162614 164562 179670 151592 172650 151882 144834 151481 166849 146106 142197 176043 145238 165831 165878 158036 157130 155159 147128 165045 159542 138122 146172 169000 147416 125945 167119 151226 142898 136826 152622 170744 148346 177347 135569 152320 145601 163929 174170 149114 141612 155438 146790 165243 144705 160622 157367 146249 167023 159898 141896 156272 140207 161240 160218 140065 171411 153015
137726 165173 143537 151822 167481 169140 158332 155644 159349 146592 162479 140450 139464 145002 142077 148868 136353 162352 139018 153445 156026 137437 140704 144737 141862 153059 151194 141961 142708 159015 130594 117575 148051 152238 147882 119588 141284 156313 121308 165913 120351 154886 136276 162585 165366 135643 131743 132417 136713 143902 146768 147608 160777 149565 151540 158510 134834 146605 132992 143916 141458 131044 152290 152037
155293 181200 154965 160654 173915 168534 157665 173839 175271 163886 183301 146839 172757 151479 181857 164494 160420 180923 152534 183480 179328 152859 165245 156074 154861 174768 168589 142500 164517 172706 151522 144026 161708 162546 173430 134637 151560 183574 163856 174737 156181 163981 161181 193843 184427 147461 157195 161189 164744 166558 167186 185603 173466 159282 181195 170039 156235 177231 159748 175854 171814 140151 180996 158219
154331 168561 152756 158846 184653 166738 166240 181382 181694 154360 176669 149096 151229 155213 167126 168125 150276 186924 150178 171985 176613 167536 158154 150670 158296 165778 159002 146190 164065 175554 138129 133483 165333 158410 155332 134501 138371 174758 146328 173930 144991 149552 155032 173924 183662 157891 158018 147224 151358 167260 156319 175053 163348 152244 169849 169764 151745 169177 157719 176990 163203 155747 184688 149920
155392 152208 133291 158871 163956 158238 150569 161795 168270 139269 164463 150804 132788 143293 162678 151557 156668 167827 149876 173145 157031 136798 142249 146890 133980 144576 163607 128748 144719 156878 135562 130340 142116 150333 149692 123090 128638 164570 147840 166243 132833 145377 142500 161184 173251 151830 143473 154187 146388 135915 155262 160806 162368 131368 151753 154504 146921 158100 147273 156566 146716 135601 160243 140228
116215 144981 118653 133640 145151 136208 149833 144277 136974 124771 146168 126745 127352 127687 137798 125593 122917 138544 124995 144779 138108 134518 126226 124963 128024 135222 124856 117642 138096 143258 119627 109418 131965 146069 141555 120445 125935 135406 111656 139561 118315 136093 125894 134719 147693 119939 118391 124965 126648 136391 122992 143069 141862 132554 153588 139097 132225 142181 123688 142183 137620 116942 140088 125662
143256 154696 137889 144761 176142 161399 152198 178817 165308 159873 170040 149982 140063 133166 167218 158943 157595 169870 136257 176771 153151 150577 150920 144141 151963 152645 162088 133786 152877 169779 143120 126501 142175 156887 165278 136461 124901 171073 157541 173273 144701 155599 149034 178795 184060 143825 135068 156636 144217 156240 160361 158577 160538 135469 146695 166620 130965 148264 149374 157141 154646 130974 167840 141403
135856 152183 147172 146408 179237 172142 158757 166685 161915 145365 176481 150849 151810 141636 161636 151726 156838 154657 147019 165184 157086 147640 148883 148518 144610 142696 145934 140631 147067 160896 135535 137392 142729 137933 157202 124055 140769 155822 142644 170273 141381 152347 155021 176004 178667 148912 142727 154126 143009 140143 154669 155744 166386 150101 173025 175214 135952 147806 149518 166855 156044 133614 163565 156303
155800 162676 147152 153196 175949 174476 175221 175205 174972 149519 172620 155112 149750 146715 163619 157988 164999 177422 150208 173506 167095 152465 149563 152676 146656 149749 162819 141345 165717 161247 145883 125698 160874 161535 159725 130117 142193 181055 154979 159217 140470 147706 153332 174635 179171 159149 147915 152403 155954 162062 171528 174349 156518 147862 156803 168175 135030 164760 150525 156934 160285 145172 165010 152156
127452 147217 132496 151677 157493 149024 143963 159490 153934 145398 153046 128508 147540 141665 146939 141773 141053 160395 146753 153013 158408 138315 133634 126786 140505 150942 143917 128674 140704 145750 126202 143943 140572 150137 154568 114538 117837 154669 144080 166983 122590 135818 131665 159804 162859 131794 132035 155137 138792 137860 133771 155048 146120 135486 150135 151296 140127 146514 142118 151202 141747 130366 170086 130083
142793 161610 133604 153220 173336 148005 167712 163723 164469 137829 167236 143295 143450 140130 159333 128997 151333 172251 154247 170518 162844 158220 150194 144511 146644 139443 149233 140686 154103 138125 139366 145471 152175 158232 154027 133820 133531 153023 139074 169722 137706 147218 145047 169478 173102 157949 147498 157410 147924 154173 148798 160475 157871 144956 155591 170928 148256 152751 145653 151206 147397 139558 155176 152504
126971 160509 136694 128120 157193 153058 142797 141534 146947 139959 147282 126296 131121 126192 140728 133386 137477 160676 115723 140948 135140 140156 129704 128159 126259 139171 140496 133883 136835 150226 135877 116079 144139 123540 134064 123906 130228 149357 126703 136549 120854 129932 120583 162849 157340 128301 132006 135330 123995 129511 127144 134441 142775 142933 141664 140143 117865 146416 141470 145161 141976 135817 146954 124548
168946 194443 170965 170552 201176 183238 177705 188157 177948 178718 198148 167152 158781 171683 179541 171331 170739 194891 158565 189490 185333 175227 173372 164650 165154 160941 169235 169747 171644 192844 165068 145279 183094 169972 177760 158987 165093 198895 158510 180452 159042 183320 165581 189647 201615 167895 165193 166868 160281 177647 174797 180083 185116 174522 181392 195519 154914 170544 170911 173318 181268 166088 191596 169700
155800 180517 152817 156830 178310 166673 158409 165878 170745 157856 180915 154149 153420 143228 160842 156193 160464 183764 151143 180467 174459 159529 157920 138525 143032 155734 167006 137382 160806 164274 142192 143059 165506 161993 158433 123768 132720 173196 148279 176278 155387 153929 151229 178346 182674 158949 151637 158266 137821 169635 168061 172409 156004 154478 172693 179852 145945 168491 147866 163792 160707 149517 186263 154439
178199 204120 171295 200909 204850 198334 186241 206823 204582 181576 200936 158418 181747 183732 203213 180380 180605 202141 177664 195843 201351 176318 165904 175814 169498 186034 196173 174059 168514 195522 169795 160371 186011 187150 190821 147211 168234 207352 183452 205189 152307 196391 174306 201779 207134 170934 171706 186658 174980 177460 182698 195933 202568 189244 183482 184746 169101 197192 176871 185049 183608 161874 214261 161028
161273 177241 161865 164501 179838 171846 178261 191595 186550 158373 186141 160783 149197 156281 165926 155532 157637 183387 162091 179140 171065 157006 157294 157248 156564 154424 165940 152827 168636 165233 146300 145028 160229 164348 176336 146241 152272 173040 160085 181191 144149 172937 164869 172340 186050 158533 161470 174908 153935 157837 165604 165550 179134 158328 164791 175684 159106 166904 177239 176131 166772 157543 165811 158461
154754 148478 151411 158696 172499 156236 156951 165162 171500 143203 165692 147990 145012 151913 164149 161699 159728 174025 150258 162060 161035 153687 158604 145775 158389 166901 163857 125498 168523 159857 137592 134566 149477 152348 174053 135920 145212 179148 156158 174521 142883 161532 151332 175796 173444 154344 139716 160373 138098 158870 155420 165783 169759 145356 158427 180264 153967 160883 159367 164437 147587 134030 166087 147700
135864 144882 138957 138108 158772 140013 154699 150187 148844 136340 153777 136165 142475 138656 138720 141347 139855 166852 144563 150899 149234 145068 142185 127810 120896 138408 129911 131745 144178 135913 128788 130294 155457 133398 139929 123769 132254 155837 120011 156216 125895 139474 131611 157291 149466 136282 134136 140648 133662 129354 127613 140541 145651 131611 148126 151991 126339 150649 132668 139381 145883 131590 154641 143667
144794 164903 148655 167999 169015 150765 157212 170793 158399 153127 170246 139375 144612 142718 157895 143433 152623 168680 150242 156690 160869 142277 145171 144781 146590 151883 162844 136612 140837 161316 128719 134701 154121 164966 157577 133328 131643 166634 140624 174696 132133 168431 142633 162961 176797 140960 139798 153638 149790 160325 153335 160256 162194 142182 157209 164870 145509 153201 153258 151344 141481 132937 159219 146829
148272 172998 135928 148304 165749 161386 164739 157332 148934 149853 162360 146875 140828 147346 146752 150265 156164 180927 144465 173614 153650 148210 153997 143399 135369 130022 163488 137622 157152 157841 138927 137031 151681 162188 151576 125895 130916 153934 148747 156722 157157 140088 141802 173510 165036 149697 153421 156489 146721 149828 163584 162536 155833 137476 156355 175696 131797 155124 143861 147028 146673 155442 169058 141905
146779 171074 143966 160736 174658 161305 153746 167952 180555 151379 176537 145810 166813 155097 174201 156815 158401 184999 155636 179576 170898 160373 156023 153131 150889 167147 160046 136337 158802 155977 145024 139169 154795 167675 161833 136589 146517 171160 150749 173740 132093 157972 154237 176600 179910 151992 145139 152526 159132 159774 155600 170421 168926 150811 159673 158387 143272 169701 150447 160294 153465 148584 177347 145347
152938 167297 147101 154207 170442 166504 152960 153543 169348 141116 172517 133460 147216 145818 164269 145448 152522 174985 157199 162000 164136 156112 147047 138795 148529 155665 154845 141455 153308 155269 148242 138065 158767 159417 154939 128361 143246 167582 144924 178003 133355 157261 145365 170433 169010 145938 149062 159404 127538 164698 158404 162793 158945 157626 161883 168448 136164 169025 149118 165580 165749 141753 163052 155502
160827 187738 165159 165768 182344 186586 174193 171661 181071 165086 195941 161740 165574 175890 171979 178539 159255 194650 163671 182948 173839 158555 163176 162222 163616 174227 163361 153463 175057 179700 156277 156329 169118 163461 155455 147876 170753 177302 147875 168078 158384 165965 164374 183431 187180 150228 165244 154537 159501 160952 170369 174006 184665 167628 181453 196661 154003 177621 166145 182183 171837 167891 194814 166452
137122 152924 141503 145462 155292 144345 145212 155923 159048 149116 153496 133187 140238 132634 153932 130363 147532 160126 140946 152868 144659 141192 141902 127202 152170 146348 139856 135895 134505 143495 130916 134003 131497 134741 139719 129640 125224 149793 139704 154236 119053 147222 139224 166621 158718 138459 146182 146198 131950 132710 141995 136986 161079 139207 149997 159753 140970 140667 143480 147853 153583 137334 155511 134134
161099 171999 147962 173297 188033 177216 176801 177878 187042 155556 191928 156789 161042 160117 176901 160028 168724 191089 165377 185772 178118 171250 164464 170427 154646 161974 178104 151000 170116 172029 154665 147923 162806 173450 169213 147292 145001 176566 159201 192642 131293 165969 166565 180485 184314 168631 160001 166542 156807 165840 172080 182826 174282 157235 160530 179433 157309 172573 161065 176036 166040 160697 180339 165245
149698 158566 138876 152766 162471 160724 151296 172663 177611 168012 160765 153652 146057 154088 161533 150206 163029 170583 159603 173816 164316 137359 148119 148768 145259 157245 150465 136539 147192 157203 145975 141133 150121 155333 145938 118480 135558 172183 143124 168332 144783 150119 149684 170189 176475 146861 151920 155042 141610 152904 167928 159894 168700 144309 153116 168071 141791 155233 147874 165602 154557 141833 170387 147330
152828 167582 160642 162495 174013 157848 158745 177780 170792 148461 172363 149887 142715 147379 161895 158044 153765 174667 139652 170520 154215 149631 152397 158930 147582 145572 164700 149772 135769 164183 127746 136815 148158 152181 155181 133459 133424 166407 154536 163125 144030 140692 141914 169458 190825 151698 161027 162514 156371 154096 157618 159725 158402 139747 167031 169593 146428 161243 161437 166054 150296 147596 170965 141899
137577 165587 154733 148169 173630 174937 163241 180446 173694 165092 167928 153222 141745 147785 160615 147344 156002 160645 151565 168556 167347 156415 152056 145817 142232 152121 158961 140002 164660 159073 148933 134744 146662 156895 167132 137575 148850 166361 138860 173583 133175 160642 146369 173332 171726 144374 150998 145782 141464 150815 164705 156587 173948 157424 160353 171344 131029 152592 157058 157836 165792 147011 165632 159314
162196 170012 164801 157935 187129 185878 175726 197112 181983 166342 187540 165157 149282 161865 185790 167145 171857 190146 155426 191552 183346 173922 156513 163098 163515 175367 172533 150959 171189 189392 154687 147472 160245 170960 176064 152908 156078 191150 168244 187716 141466 168780 151657 186219 204110 171132 162010 177164 155722 168035 165124 173250 179298 168498 168428 183798 156101 179045 173527 173069 164544 150112 178245 149903
166270 170616 154618 184350 181894 181302 168736 180060 185056 164630 186499 160634 165512 165161 184891 172415 166894 188066 168948 192333 174377 161830 162321 170546 163641 172773 186424 141220 162511 178271 151242 155589 156948 170002 170294 143377 153805 177128 165951 194002 157460 173438 162328 192442 196081 163466 157699 170994 157856 169295 182870 176167 174936 148155 168013 187174 156432 168742 163323 167949 151790 158995 188762 162724
130136 152632 117028 135262 161018 157424 146338 141685 157501 152012 155709 139339 133488 134428 160433 145226 150072 171421 133144 162333 144950 139569 139595 136279 136604 138299 142902 141212 139856 162469 133692 129844 140207 146740 143296 127336 117531 151386 132671 169762 125517 134098 140290 161199 177059 140830 128316 138718 131806 151805 154239 154924 145786 136204 143357 149783 136238 148560 139043 152534 135617 123929 145699 134610
136489 158172 152027 150531 164768 165636 163305 154650 163947 149037 160773 148626 138039 144353 165888 146805 146227 168275 149133 152523 155059 147547 149741 135752 137824 156667 158134 135155 156063 158308 141050 136107 152236 147269 157623 123151 133801 155252 139308 172210 134594 155726 144268 166789 152963 153844 138340 150823 140199 140018 144683 159976 155564 150926 150239 162399 144691 151296 147506 150319 149719 132135 159810 149497
147376 159580 126800 161410 154395 158084 161482 150129 159509 159643 167150 137201 132869 150319 163975 146049 149751 169179 143670 169379 149080 133197 147781 142931 144022 155061 152642 137010 141798 161706 150513 139488 141270 147057 142832 134535 146101 153305 145871 162253 129128 146458 151398 163799 175260 148233 145191 160417 142060 150831 150704 157113 160421 151299 144008 157316 136571 157119 149708 151630 152580 136737 167901 141712
152933 170229 151875 166833 170773 159165 158893 166282 173800 156219 181687 163926 147103 146792 151092 143816 154981 172111 158295 168173 167581 150067 152927 140128 143042 154156 160636 141032 154972 161960 133468 137530 157676 167057 162537 134525 136974 168446 145096 181389 139883 168830 161742 161881 183177 154008 145132 157873 148062 156229 172742 174881 155843 141003 163833 161543 155810 162242 148723 166183 151952 146961 167740 159334
159458 175772 160082 171995 181486 173703 172198 168456 179895 162227 184169 155780 156720 166568 176442 151799 164898 175797 157710 178904 173399 160676 158318 154511 159814 166716 171192 150407 153783 174125 154060 135099 164470 165782 179676 134982 146788 178608 160799 183795 153146 171264 167626 181402 191776 152899 164914 173599 161390 177865 179830 178645 168631 161867 180717 163767 154473 173031 168630 181156 168245 154174 172419 161986
137523 156201 140689 157454 165710 155303 155481 162940 175517 148505 156058 143144 155902 154222 164709 132500 154329 169695 140743 169708 158048 150884 146933 134157 147626 149988 151089 139725 148857 144491 145441 133330 142135 149207 155978 134220 141026 161493 139259 160105 135945 150397 148390 171015 172983 134871 140454 146482 140581 153930 155876 155778 160431 153352 157438 160694 152874 160191 134252 158231 152345 140163 166690 143885
166742 167969 163007 179931 192240 184610 186786 193005 190980 177150 193683 180093 167653 180386 190718 183909 173267 197770 173900 181840 179984 180210 174355 168070 178847 184056 174881 161551 171109 183004 162172 154341 167665 175336 180957 157729 156672 192775 164868 205391 153972 178107 167246 184568 202704 159737 167584 171012 164547 178759 178561 192283 192466 169692 178538 196273 165987 182132 164113 185854 178786 163210 191420 177774
146556 163145 136427 146709 166901 155958 141555 144100 153512 138952 155310 141950 145493 139181 157967 140779 147130 170406 140331 159155 150244 152409 141659 131916 133636 147998 160410 130515 150018 154820 126112 133784 154986 151679 145001 128342 126903 150414 140360 145707 138964 149404 144475 175368 166641 147226 144377 153751 144248 138465 152423 149994 154471 137633 160237 161010 138384 141393 132616 148651 148061 146809 163030 135616
150538 154890 139065 166946 165732 163573 169811 175266 167331 155556 167429 146738 145202 151223 166237 154575 158374 171252 148684 154454 157401 150074 149841 157915 150794 158841 154474 149366 149601 157049 134940 135254 155382 159679 165606 134695 131061 158102 145896 178140 126798 160464 147466 168519 183477 153737 143866 153303 139270 155818 168849 167907 154404 147763 142641 164919 149259 152410 147796 155075 148659 139471 166992 148405
140105 152898 146219 156047 151194 160842 151864 161444 166815 141704 165734 151682 133682 146567 157376 148914 155191 163756 148977 149815 144049 142067 137084 145239 129954 145350 150665 138829 148782 140626 139518 133211 148751 145266 153933 121063 134937 154851 135934 160501 123777 150387 137058 151858 170715 131038 138116 152361 131433 151282 160091 154984 155739 150905 151236 157883 134045 155136 142765 152898 148453 140743 161944 140893
146721 171434 144910 142912 172421 165227 167132 175418 161082 154423 168907 151717 140013 156170 166398 157267 155249 182138 141667 173310 162134 165141 153768 151172 144225 157481 165158 139631 156977 176954 141935 132533 151877 154957 150447 136744 132279 167486 152033 164045 145770 156576 138028 177195 178389 148872 148865 151815 157795 148109 154792 157947 173529 152040 170472 178372 146229 152560 149298 157028 161715 138033 178441 142748
