76 23 34 64 23 68 59 96 56 40 48 46 21 65 12 13 88 47 66 19 90 90 87 42 80 36 17 0 87 64 0 5 17 75 58 36 80 8 57 67 17 19 45 34 59 44 22 48 27 64 23 96 95 68 1 91 43 95 75 89 32 67 55 32 35 85 98 1 19 7 4 71 89 95 22 62 41 38 19 74 57 14 60 79 89 80 2 68 93 37 97 26 91 35 91 98 20 19 15 81 53 56 62 69 15 61 32 38 58 54 64 95 46 29 70 7 23 52 57 2 17 46 31 97 31 83 15 30
15 50 2 7 89 28 86 19 93 25 93 21 60 54 41 46 4 11 91 49 34 39 33 23 49 81 47 95 92 7 19 27 59 82 8 66 0 56 34 82 63 87 61 79 47 61 87 56 70 40 28 75 88 96 39 86 5 89 91 48 19 82 25 6 54 8 74 5 73 53 0 15 79 18 0 7 57 91 95 43 31 87 99 76 43 27 54 78 66 71 65 31 73 21 83 62 76 52 86 74 9 29 43 70 93 23 76 86 10 63 32 75 69 7 28 63 84 20 70 83 97 83 8 62 4 25 83 7
79 31 23 79 45 39 60 29 61 20 5 6 27 1 15 94 34 56 69 79 85 66 18 40 19 12 59 78 93 51 68 90 96 27 24 29 77 56 52 47 90 95 31 45 49 17 91 55 31 32 58 21 42 59 62 77 77 6 44 94 75 31 60 77 57 78 94 85 94 22 61 80 77 14 66 78 79 40 35 80 40 79 35 94 84 19 89 30 94 59 20 68 7 61 71 53 86 65 6 47 71 22 54 44 73 66 35 8 73 44 80 11 11 49 74 56 94 85 81 86 93 38 86 49 33 42 82 47
51 98 95 88 18 75 83 69 29 92 24 5 39 12 98 59 82 59 18 98 69 34 65 91 21 98 93 68 48 77 78 17 80 18 11 47 47 36 56 79 4 42 79 20 41 3 84 44 17 36 79 92 5 85 14 70 48 98 53 70 34 88 81 29 31 94 65 11 18 83 89 24 5 47 8 52 76 1 36 21 42 46 95 10 22 54 39 33 29 76 58 73 22 29 6 74 68 7 61 9 93 43 15 88 86 67 41 5 65 47 97 68 15 68 15 44 91 95 32 83 71 85 93 37 8 76 66 86
70 84 67 7 22 23 47 96 22 49 79 97 1 16 20 28 42 0 49 92 22 47 13 24 93 48 93 51 63 29 8 70 98 94 16 68 44 16 41 68 47 44 51 83 33 73 5 14 6 67 65 65 91 35 49 59 43 5 61 17 94 47 4 23 16 56 93 60 9 25 6 35 95 41 67 34 46 21 63 43 58 49 55 0 10 89 78 2 9 78 57 38 85 88 10 44 52 27 39 38 68 18 0 87 41 26 75 98 61 23 46 51 90 60 53 27 52 61 29 72 82 88 72 86 44 39 68 65
81 5 91 33 99 91 57 41 0 47 63 88 61 33 15 25 61 55 33 66 87 55 87 86 75 23 28 89 35 81 71 25 60 19 69 10 42 93 4 58 79 38 98 3 76 44 45 30 88 38 9 97 8 60 67 16 51 59 41 11 0 75 45 87 10 4 45 93 99 29 94 47 9 66 58 26 17 23 68 62 93 96 5 51 87 42 34 71 43 84 7 86 88 92 81 48 58 81 38 38 69 42 93 44 1 18 21 20 48 3 83 99 74 22 4 75 64 85 13 63 3 90 41 0 98 10 10 35
88 36 48 64 81 35 93 85 75 60 42 96 66 84 26 62 50 88 18 81 23 39 70 12 6 43 99 30 35 65 89 50 10 32 60 26 40 67 2 79 16 78 5 2 78 14 8 13 79 89 79 63 12 96 91 65 69 50 12 22 13 95 51 16 44 74 81 20 77 37 19 1 88 85 53 63 27 3 35 68 72 85 86 8 32 57 61 76 59 98 88 17 37 78 1 12 42 43 16 39 8 73 18 75 64 49 8 22 16 59 99 68 29 56 38 57 89 55 83 15 99 77 1 69 8 38 34 33
63 79 49 11 53 33 11 68 38 21 29 18 75 15 53 67 29 83 95 51 99 35 73 26 33 2 57 38 71 32 1 77 73 53 49 43 81 41 53 45 28 29 89 28 71 79 7 70 81 12 96 10 95 6 83 58 65 40 1 51 46 31 94 94 29 17 73 3 25 82 96 20 50 24 95 73 8 48 4 55 74 26 17 23 87 44 85 19 33 90 4 35 41 65 24 4 99 10 48 73 31 46 8 46 17 49 12 37 39 8 8 35 49 92 44 97 83 85 95 76 44 48 45 23 29 10 38 0
51 89 50 67 53 21 82 68 21 93 40 11 63 20 12 98 49 83 73 92 14 99 24 58 74 65 4 23 49 21 53 87 93 78 70 39 27 51 21 79 42 50 85 65 52 12 37 88 85 42 84 88 88 8 9 58 9 84 62 56 72 71 1 64 75 47 91 1 63 23 34 8 4 61 83 68 4 38 38 37 52 79 53 65 82 54 73 54 40 86 5 65 77 95 50 7 0 56 43 62 5 39 75 16 57 19 77 90 19 92 90 91 45 75 21 42 56 26 42 30 70 57 28 38 89 7 60 22
78 58 83 65 67 80 53 65 8 26 35 50 44 37 60 6 45 37 29 45 28 57 2 25 52 88 45 0 62 91 28 86 41 93 91 66 48 26 39 14 35 55 89 22 76 6 63 25 85 5 41 69 82 76 48 60 19 20 46 29 38 11 75 28 46 77 46 77 17 4 88 88 46 60 4 80 52 24 88 99 27 61 20 51 8 46 71 92 39 74 7 19 23 6 21 7 0 42 88 42 75 14 59 42 99 54 96 5 46 63 68 96 46 92 59 47 99 76 53 37 62 0 98 28 38 87 19 19
87 43 23 61 77 58 28 50 78 20 84 55 54 3 4 58 11 99 38 69 16 44 32 65 26 0 85 63 83 47 30 0 9 31 8 12 81 16 61 44 79 74 37 45 93 2 99 24 58 4 17 34 61 50 76 38 68 63 4 91 88 55 95 12 87 93 1 11 94 88 56 39 45 74 57 28 80 6 87 54 14 43 54 15 46 45 26 43 4 70 28 73 47 42 47 82 25 77 49 31 22 5 27 63 0 62 74 46 30 55 37 99 74 80 18 4 3 85 51 26 57 30 10 99 58 15 19 65
84 53 9 27 97 76 48 7 11 18 80 63 4 78 1 40 39 97 47 32 0 11 54 87 3 62 2 97 70 57 19 86 38 7 61 7 26 57 67 22 66 60 66 36 34 23 53 34 95 83 16 95 18 11 21 36 95 92 85 73 52 63 40 48 70 45 53 87 30 47 7 65 58 68 31 23 81 45 86 7 16 99 91 47 87 23 1 22 28 42 80 44 60 84 37 33 18 44 51 42 69 39 64 47 98 48 31 5 78 57 41 11 28 3 71 71 60 12 8 33 71 14 18 15 85 65 97 73
26 0 16 20 76 83 84 3 21 36 13 71 32 34 76 81 14 29 53 57 6 27 51 35 36 15 46 23 1 30 99 92 50 37 43 10 8 13 94 72 61 64 77 75 74 42 50 70 94 12 61 7 31 45 69 64 62 63 14 93 25 68 44 93 93 21 41 64 39 93 77 16 49 58 79 56 0 53 39 65 44 13 12 92 39 78 83 84 44 52 99 18 39 33 71 38 20 20 47 9 68 62 88 68 63 52 21 24 15 54 64 99 1 4 21 28 73 50 50 24 72 56 45 54 10 93 79 84
46 43 36 36 85 72 8 34 42 21 50 64 72 85 74 41 98 96 72 24 0 85 21 84 77 81 10 63 86 7 46 93 52 46 71 93 67 33 5 30 55 73 69 68 59 86 26 89 57 44 44 99 74 19 19 28 52 95 78 83 78 95 89 73 46 82 21 88 21 97 81 27 62 45 31 8 59 51 77 90 90 65 65 80 23 84 12 3 51 31 21 33 19 23 21 58 74 14 72 60 8 20 75 22 0 11 48 58 4 65 1 22 90 30 6 47 55 85 4 14 83 56 29 51 9 51 5 36
15 26 75 29 66 58 39 29 0 80 81 21 93 72 6 96 96 19 57 6 85 53 74 84 21 50 92 90 97 3 52 14 93 96 55 42 29 12 18 15 97 57 41 42 68 72 46 2 84 3 82 38 18 61 77 26 10 78 77 81 80 48 89 63 19 6 45 15 95 85 49 94 95 70 40 64 22 33 87 98 39 62 33 25 10 85 45 40 66 0 95 44 57 43 41 2 25 53 85 65 24 50 4 91 97 97 59 51 48 57 99 47 76 43 90 28 42 44 92 12 92 84 86 46 38 3 69 19
50 71 24 85 69 42 80 85 80 6 38 6 65 9 73 15 20 98 66 62 64 31 31 88 93 63 44 78 70 87 22 66 87 94 43 87 59 55 40 62 54 79 33 20 44 80 49 31 59 66 54 5 24 97 0 78 24 76 32 95 0 59 29 58 41 22 85 44 59 23 41 60 7 81 64 70 25 99 38 46 79 28 82 99 44 85 71 43 43 54 29 64 17 42 86 3 41 95 36 46 31 57 18 58 36 31 50 83 62 87 62 23 46 22 50 13 33 24 59 97 76 36 23 0 24 45 44 73
42 9 67 30 70 69 52 8 23 18 11 98 3 31 8 16 85 34 51 53 48 18 31 20 46 10 9 46 84 25 31 97 48 63 19 43 34 22 99 87 71 69 44 97 50 25 67 54 60 40 71 5 35 69 33 20 17 12 46 35 55 72 89 47 54 71 89 76 77 74 89 90 40 36 99 84 21 13 19 60 52 32 61 51 86 8 85 68 2 82 98 27 26 89 68 28 44 38 94 81 10 38 11 70 19 65 45 51 19 69 35 50 88 92 89 97 60 33 49 78 71 50 93 94 92 18 90 73
56 16 61 31 85 56 55 60 49 74 62 39 44 99 20 83 95 17 49 70 22 20 48 48 89 76 2 99 17 53 20 61 76 13 40 88 31 47 37 73 53 83 77 29 7 89 62 14 34 14 75 36 35 83 41 25 79 5 92 33 0 80 8 70 48 90 22 73 61 15 28 30 32 65 39 36 3 12 18 31 92 68 41 47 5 75 80 91 91 0 88 2 88 56 8 12 51 32 75 58 96 89 6 20 78 39 11 86 6 53 19 0 90 52 18 33 80 73 78 90 93 41 53 69 6 74 41 38
17 5 34 24 18 26 2 80 0 13 63 34 80 23 71 12 94 53 21 61 19 77 80 7 93 27 20 17 15 2 22 47 21 12 44 6 14 73 85 92 46 9 80 92 4 95 47 13 46 5 24 22 21 0 91 94 51 82 36 25 60 34 47 33 85 36 96 84 93 25 58 46 18 81 63 79 51 43 87 61 59 0 42 3 72 95 97 67 72 47 79 49 9 51 94 14 88 30 81 0 54 20 17 85 40 60 88 53 24 10 73 54 28 21 92 90 26 50 3 86 45 10 57 20 91 69 71 0
53 85 47 10 55 47 20 93 66 83 9 88 54 98 75 66 61 44 50 6 19 31 83 58 19 23 8 31 38 82 76 91 69 26 26 74 38 40 18 7 42 41 96 6 1 0 63 21 72 3 95 59 12 61 40 66 28 32 66 64 34 13 54 28 83 76 0 0 66 21 11 84 22 35 58 70 10 21 17 88 41 35 73 60 21 29 61 91 87 23 61 2 15 17 9 39 98 24 71 94 9 85 10 0 30 67 72 1 69 55 61 70 61 56 60 11 42 25 11 44 52 67 68 46 65 98 87 3
39 15 92 20 93 40 45 49 34 58 52 90 1 91 36 60 25 23 61 44 99 45 14 59 82 79 16 72 9 63 67 66 14 43 26 74 17 92 69 87 67 71 92 71 43 46 89 65 21 77 79 29 85 36 6 15 74 92 88 87 83 46 0 58 43 51 12 40 73 78 26 8 19 52 59 50 63 78 98 68 79 68 60 43 51 78 68 66 90 17 85 45 81 64 70 54 86 26 23 77 80 40 6 33 69 36 37 78 16 30 97 97 36 77 21 58 86 37 36 37 82 78 92 92 12 71 54 32
0 64 27 9 42 72 75 54 10 57 78 81 41 39 60 53 41 18 55 76 5 29 44 96 67 51 20 41 12 99 54 96 96 42 92 9 98 7 40 1 97 79 25 50 24 61 82 7 28 80 55 64 49 37 70 99 69 59 89 52 70 95 45 18 38 45 38 30 50 44 16 78 16 91 3 2 56 93 49 15 34 93 3 50 74 56 80 25 33 2 61 59 89 34 15 1 82 91 95 79 89 54 96 94 55 21 21 54 41 73 84 1 38 49 23 22 44 42 41 79 55 55 28 3 74 15 4 1
75 12 43 64 78 85 12 20 41 77 79 11 95 58 20 44 24 52 91 91 99 86 0 47 63 5 81 39 65 95 36 73 79 50 58 1 10 61 56 1 45 79 56 26 53 86 39 11 94 84 98 21 26 87 42 4 61 36 97 18 77 13 93 92 5 91 16 15 46 95 43 98 46 90 65 48 86 75 49 14 34 82 86 63 38 79 62 7 49 69 43 4 86 99 46 80 37 58 89 55 74 6 35 13 19 78 1 68 4 72 37 22 83 16 54 45 38 69 92 6 32 80 84 27 3 91 38 50
29 75 15 60 41 46 12 19 49 23 56 86 54 31 37 60 56 0 86 16 59 34 71 57 4 75 15 9 61 84 67 82 31 45 80 11 70 2 59 21 64 47 19 74 85 54 83 90 39 78 6 17 55 95 93 40 72 15 34 52 39 17 86 15 84 16 12 99 61 36 38 35 40 16 86 65 85 16 39 72 83 39 22 2 41 13 76 77 80 86 6 19 91 27 36 58 79 29 63 4 3 93 26 76 43 4 0 43 34 36 80 4 93 79 32 6 65 91 49 27 76 72 24 11 70 57 73 43
71 1 59 14 14 79 17 16 0 30 52 16 83 70 2 96 49 37 68 70 19 41 14 11 71 69 78 68 88 50 64 22 47 8 15 75 87 32 20 20 61 40 81 77 36 42 70 87 40 20 34 54 46 27 62 77 49 4 14 63 24 46 3 58 38 54 7 78 88 70 58 84 99 32 80 1 52 60 72 18 34 75 53 73 70 20 1 90 6 12 37 45 52 17 75 26 9 89 20 1 53 73 66 5 77 54 29 17 56 12 45 68 20 52 6 52 93 53 79 94 45 29 15 4 4 77 35 57
93 8 91 27 60 33 51 84 18 25 23 24 80 49 16 14 12 73 67 66 29 49 67 83 25 82 69 59 67 62 12 96 85 26 55 95 41 40 90 58 21 31 63 92 25 5 76 95 96 79 26 20 53 63 97 47 39 93 21 38 32 73 43 61 71 96 21 62 84 74 53 80 32 27 75 72 79 14 20 97 63 97 19 29 2 57 60 87 90 64 47 35 8 84 94 34 16 62 11 96 61 72 29 5 30 99 52 98 68 5 77 79 79 95 31 10 88 98 5 47 1 76 30 22 76 30 49 52
19 24 26 17 6 80 64 43 64 7 17 36 78 77 80 87 50 99 38 22 90 39 59 11 51 6 9 55 39 52 73 57 82 30 64 48 23 2 74 77 75 74 65 27 84 58 71 99 11 65 50 93 17 62 88 47 95 7 46 11 88 15 3 99 16 88 56 72 73 34 54 70 31 62 60 91 0 66 61 84 55 42 1 18 55 49 64 30 10 73 43 35 55 9 76 77 11 19 7 73 38 57 8 57 44 56 21 44 53 63 49 14 94 3 56 83 39 64 1 46 16 25 57 74 47 38 29 3
83 20 91 7 20 60 89 92 95 58 28 59 35 83 33 14 36 48 73 57 38 14 40 30 35 10 2 24 93 94 29 44 16 52 15 60 94 48 33 83 37 45 98 38 36 70 77 73 46 0 49 95 50 72 61 14 47 9 10 35 46 79 40 43 16 21 14 37 35 82 13 90 34 41 60 99 83 43 69 35 17 18 16 17 51 18 25 54 72 92 44 90 4 36 4 91 87 77 26 2 2 72 62 83 1 12 16 12 71 78 81 15 68 99 97 72 65 17 83 19 47 20 24 70 95 5 35 49
42 62 73 44 13 37 93 58 23 88 10 1 9 54 79 41 59 27 42 51 52 41 29 38 30 17 8 75 69 41 91 50 88 49 37 14 98 91 7 70 8 51 51 2 1 76 53 9 16 79 44 76 14 70 34 45 96 52 88 50 26 7 5 20 87 72 6 12 68 53 10 42 56 90 64 1 84 82 76 65 10 53 8 24 78 90 19 51 72 83 28 94 22 38 92 37 14 98 39 66 6 98 70 77 2 21 82 46 83 18 74 41 56 30 83 91 2 41 35 21 37 85 97 22 86 18 15 84
87 34 51 70 29 72 22 94 92 88 48 87 25 24 10 98 31 58 96 81 71 4 88 98 47 13 19 93 20 41 9 57 11 22 6 78 45 43 23 73 1 34 81 9 49 9 94 89 8 41 51 63 27 3 0 95 36 42 95 95 69 15 56 57 76 56 42 19 39 45 40 22 99 1 62 28 37 43 77 32 66 63 85 55 64 67 65 86 97 1 33 38 90 90 8 72 34 14 12 69 69 35 13 13 93 32 27 31 6 65 74 51 4 52 11 83 3 93 40 25 65 41 88 32 98 25 71 18
66 92 67 46 28 73 81 32 92 74 81 98 36 70 21 47 19 54 27 7 85 84 66 86 19 48 67 94 39 86 94 27 61 51 56 10 6 59 55 34 95 65 66 72 22 11 75 86 57 75 57 37 71 36 41 39 69 65 15 2 57 51 1 55 35 30 82 59 41 72 20 47 14 76 94 59 24 10 49 77 42 93 93 52 1 57 71 93 77 92 10 68 93 4 71 93 88 54 80 78 26 98 41 85 34 10 13 93 39 25 57 48 38 48 76 91 24 47 21 95 52 17 0 53 18 93 69 30
23 7 15 25 95 69 12 67 74 24 13 13 76 96 23 29 9 3 68 15 0 74 97 98 98 7 35 96 52 31 39 26 40 0 93 38 47 25 12 80 1 7 56 95 82 24 21 8 0 33 83 72 55 10 89 64 81 8 96 40 38 95 52 60 93 83 70 84 2 79 80 51 48 93 85 5 82 65 17 50 32 41 50 72 85 49 55 47 62 12 94 7 15 89 31 11 87 28 9 21 51 45 80 59 70 48 79 88 91 80 11 44 78 41 81 35 96 43 90 32 9 47 5 81 67 82 15 69
1 37 78 83 84 85 40 20 75 37 38 36 35 93 71 98 94 47 85 7 97 19 54 37 66 2 6 16 77 18 3 34 22 68 82 66 24 82 29 60 25 91 58 63 69 52 22 40 49 95 49 75 45 44 67 35 37 76 32 17 37 65 58 22 65 36 55 8 7 6 30 74 78 83 20 33 48 98 73 2 94 3 31 48 67 96 18 24 95 28 44 20 40 17 44 42 53 55 86 45 71 74 11 98 23 52 26 77 34 60 94 19 15 48 26 76 33 51 42 45 61 97 99 60 50 90 34 54
82 65 80 78 29 45 17 92 25 76 21 3 57 26 5 72 88 67 8 53 52 89 24 84 43 36 51 39 64 69 62 40 78 87 25 57 59 75 80 99 63 33 38 20 28 65 65 68 99 32 11 0 23 4 73 56 70 32 85 27 68 79 63 71 69 39 85 68 8 68 52 4 91 91 26 44 95 38 36 10 20 94 25 22 86 59 42 35 25 19 3 59 28 46 68 35 2 62 51 39 51 92 77 31 8 76 74 36 95 77 68 44 89 54 46 50 34 71 66 23 22 90 98 66 19 63 25 29
0 4 46 10 5 17 12 2 35 35 25 24 92 2 18 60 71 31 97 16 49 71 66 76 20 27 33 41 36 93 76 33 37 91 78 81 29 28 93 59 9 18 91 60 65 6 31 8 98 9 38 25 13 33 94 97 2 57 5 69 96 91 76 70 85 70 37 46 7 52 53 15 33 98 26 12 61 26 45 91 31 61 11 89 1 39 45 5 40 23 20 73 65 65 64 61 15 77 28 50 93 5 58 64 87 63 93 72 50 52 22 63 24 63 6 82 88 52 70 6 23 0 52 61 85 52 67 32
86 52 1 24 76 78 25 52 36 91 80 21 92 42 4 28 44 61 4 56 77 98 95 36 95 23 36 99 53 15 56 81 62 17 99 75 79 71 61 36 39 67 79 33 64 16 34 50 30 16 2 78 44 73 53 83 44 99 92 79 40 31 28 37 82 35 2 15 68 91 12 23 59 4 93 52 21 12 42 33 72 79 81 70 5 16 23 34 55 10 27 0 17 81 46 28 89 19 47 55 63 61 79 13 73 66 99 23 32 46 29 22 46 68 23 5 35 69 49 80 70 90 98 0 93 26 11 46
96 19 32 76 2 2 37 55 7 36 41 1 19 64 49 21 66 3 17 73 43 54 72 6 48 7 64 5 62 31 97 82 74 17 0 0 67 43 4 9 97 51 42 29 48 68 71 28 19 69 72 32 48 77 56 84 0 97 74 36 75 80 60 44 92 74 21 97 94 45 39 92 65 5 88 87 93 90 22 5 59 88 78 63 5 49 15 39 72 49 72 66 10 92 37 42 48 51 37 95 16 47 54 71 53 74 48 14 4 71 14 47 59 73 89 88 37 39 75 40 30 39 85 69 23 20 45 98
50 92 99 83 43 47 49 8 39 99 49 56 41 16 38 55 52 49 2 42 85 79 58 24 61 0 15 98 64 86 75 66 35 30 54 35 3 32 10 38 81 60 52 73 91 42 58 66 38 89 64 35 71 2 86 84 81 10 83 58 74 94 65 6 40 37 76 16 18 37 29 17 71 57 27 81 92 53 9 56 19 33 30 11 76 89 64 73 18 48 20 32 73 6 92 53 65 85 94 15 93 12 94 28 38 73 74 5 92 80 53 74 36 61 68 86 39 81 92 37 14 25 85 63 45 33 61 20
49 64 70 38 64 66 0 36 20 95 98 85 86 54 6 44 9 34 77 54 74 94 94 45 68 6 40 98 13 82 80 21 56 16 13 39 26 9 37 92 67 84 53 38 59 31 80 45 72 6 87 62 26 7 86 94 78 54 4 71 25 73 43 71 62 8 8 84 19 74 26 33 53 88 28 1 77 43 36 39 57 84 97 49 41 20 48 78 91 6 23 37 92 62 13 65 10 99 70 1 92 45 11 36 33 71 68 23 8 63 94 15 14 28 65 30 76 89 25 8 32 30 92 63 56 15 81 48
51 47 62 17 93 92 92 1 25 98 75 59 60 63 41 93 76 84 80 71 8 10 91 94 34 88 53 81 83 13 19 86 70 85 56 36 20 91 23 44 60 36 44 45 67 52 1 21 79 3 73 35 56 48 58 17 56 65 82 33 76 92 69 64 61 54 11 66 2 91 32 81 27 18 16 4 80 55 15 66 10 94 62 11 16 65 4 78 85 2 48 51 89 35 31 54 19 40 95 74 23 31 32 55 14 7 34 76 34 13 15 66 10 15 96 8 22 31 24 5 57 87 10 85 20 85 90 46
6 36 40 55 86 89 92 90 87 7 56 49 80 95 55 28 73 98 73 71 49 23 97 17 55 46 87 22 31 91 9 48 70 3 61 84 3 50 18 14 29 61 78 61 24 16 90 46 65 28 58 47 17 0 95 23 76 36 22 87 61 40 81 97 91 47 0 27 14 64 20 89 69 81 61 27 17 81 22 81 12 9 95 30 73 7 63 30 48 70 61 9 83 98 85 72 82 73 6 97 20 91 23 48 59 51 89 22 91 2 34 48 67 80 0 76 72 87 71 23 94 98 28 43 74 9 24 45
34 83 85 90 14 9 79 39 5 18 83 20 60 34 86 69 97 62 40 67 2 45 54 31 74 79 60 95 44 18 80 32 78 19 48 75 20 0 5 7 55 94 63 52 60 27 92 81 72 70 11 52 0 4 6 40 45 57 25 10 87 57 64 50 53 60 0 36 87 54 4 1 49 53 78 98 65 29 47 78 22 93 11 46 64 37 98 49 53 24 2 41 72 95 62 55 84 46 55 62 90 8 48 49 20 80 30 19 77 50 17 20 40 27 83 25 58 20 23 39 0 20 28 97 39 51 34 85
73 1 26 67 69 90 67 68 78 56 94 0 63 71 28 82 50 28 71 62 45 12 32 78 65 4 49 37 3 54 70 90 62 75 55 71 57 29 94 33 2 7 90 79 35 67 48 88 30 77 6 59 29 25 56 67 90 41 27 32 99 6 41 30 62 42 41 88 3 63 30 20 46 74 48 62 51 30 70 72 23 67 47 81 23 79 8 72 10 8 0 63 49 76 91 16 95 94 27 28 63 94 89 56 15 25 41 1 8 82 72 95 85 97 64 62 87 85 86 44 6 96 47 24 23 37 0 7
79 5 50 71 32 84 80 24 3 12 3 72 90 17 20 91 56 22 96 11 1 79 56 28 39 82 62 1 72 0 2 46 60 52 90 58 73 23 55 22 44 35 50 52 18 64 84 82 14 96 27 64 25 93 24 79 38 57 70 62 7 23 29 34 37 84 52 51 13 48 32 48 33 54 45 8 40 46 77 17 53 9 87 25 84 57 14 93 86 57 23 41 24 67 89 5 1 81 65 82 15 33 38 5 86 71 97 88 26 94 45 34 20 24 54 78 53 33 99 45 2 71 64 92 8 60 80 60
87 47 50 72 12 4 77 76 56 48 54 30 20 44 37 36 50 14 35 86 74 32 47 13 95 27 45 6 0 23 94 7 55 60 83 28 61 26 11 47 53 94 6 96 55 8 13 43 11 84 67 83 25 69 80 15 98 41 58 57 11 13 56 52 29 25 10 62 37 30 54 67 39 4 45 21 23 36 23 79 64 8 60 44 98 46 13 34 74 1 24 26 86 19 56 53 71 14 6 2 31 24 43 10 32 33 67 52 43 25 43 86 80 74 27 9 78 28 63 83 94 76 56 95 69 1 99 97
42 96 1 0 43 49 48 89 44 71 23 78 66 85 0 2 96 26 83 5 65 31 42 93 56 33 1 29 14 74 57 7 46 96 24 11 72 48 73 9 25 32 47 99 88 50 6 80 77 72 86 83 57 28 12 98 12 80 38 75 45 51 36 30 19 41 96 59 70 14 78 62 46 29 92 49 25 22 45 94 88 52 53 81 56 66 84 55 86 95 44 57 4 0 75 8 29 74 55 16 5 65 70 90 84 2 45 72 91 31 97 5 61 30 26 82 37 27 39 4 0 71 19 74 58 77 8 35
55 49 81 29 1 7 0 45 48 72 3 79 92 51 30 80 48 27 53 13 59 46 41 25 45 55 49 6 41 46 72 77 84 70 34 84 54 38 86 26 95 15 55 14 25 10 86 84 38 78 87 9 10 87 88 89 55 48 81 57 62 89 20 55 19 99 24 84 86 18 47 53 37 60 37 31 36 14 64 69 89 96 92 23 83 92 60 13 55 65 62 81 87 21 60 56 1 14 71 51 79 20 52 44 35 59 31 20 94 33 50 73 45 78 9 88 43 47 85 32 82 72 97 65 30 96 89 35
3 73 42 43 12 13 28 57 17 55 51 5 7 30 83 93 87 9 29 51 69 71 80 29 75 46 50 22 99 82 0 91 90 45 65 46 56 14 6 87 40 16 38 83 32 71 22 51 27 52 25 32 74 98 51 58 10 99 90 22 27 35 67 87 14 35 39 31 79 33 57 10 73 12 58 98 42 43 62 46 2 27 35 98 68 17 29 82 5 79 74 82 26 71 80 8 98 47 17 56 53 20 80 87 8 58 68 50 73 90 89 6 85 33 28 47 66 4 77 60 6 89 72 26 15 30 9 50
39 30 56 22 20 78 10 90 11 75 64 36 36 90 89 2 1 6 33 44 10 69 66 20 28 48 89 62 71 97 6 84 81 14 51 10 38 20 57 40 92 62 84 89 47 31 99 6 5 77 91 75 96 70 53 99 25 26 70 6 10 68 25 82 70 63 32 84 41 36 88 33 2 83 77 68 54 89 9 79 21 69 7 7 10 96 42 20 78 81 66 9 63 32 89 9 99 97 14 54 32 46 72 1 22 38 45 36 47 28 90 86 81 54 18 94 8 75 90 16 66 99 97 7 41 20 21 66
59 94 28 24 6 38 65 97 45 56 65 56 32 8 26 57 26 22 14 0 23 78 28 66 82 30 48 79 98 78 5 52 64 90 67 69 92 86 0 75 0 31 50 60 6 89 95 25 13 39 58 8 49 64 71 21 56 31 58 10 25 0 69 28 26 55 90 58 7 75 13 17 54 86 52 16 61 64 52 94 92 57 17 56 65 19 41 85 75 90 50 87 37 97 27 91 54 37 64 71 53 62 90 15 44 19 47 89 14 90 9 70 91 95 85 38 76 44 59 1 67 19 10 96 16 57 75 2
45 85 86 36 16 19 72 9 74 35 1 47 89 59 39 6 53 48 23 40 61 76 7 11 29 61 16 59 56 10 61 28 11 52 32 28 34 59 92 22 38 6 71 89 34 36 44 20 43 54 21 0 4 75 13 10 59 2 50 79 96 9 6 5 74 13 34 92 23 4 90 15 34 93 99 34 92 1 94 82 12 93 15 23 3 22 81 39 87 98 41 91 18 49 84 45 76 84 20 88 59 15 72 92 92 78 8 44 88 64 87 94 64 32 87 45 72 29 90 44 19 67 71 23 71 38 75 36
90 92 26 82 67 27 47 3 16 73 44 51 55 93 37 91 68 93 73 5 10 29 49 22 19 59 61 54 44 58 11 16 67 13 95 13 24 17 14 80 4 14 48 63 44 65 28 42 58 18 39 65 61 12 21 98 17 84 58 55 24 2 19 10 2 12 40 94 74 16 8 52 58 80 25 58 68 10 47 90 27 26 8 3 61 19 29 28 74 28 71 76 47 89 2 7 56 36 14 45 12 7 59 88 85 12 90 10 29 78 3 55 98 28 19 70 71 20 69 43 2 62 94 98 18 24 78 6
84 55 92 99 94 62 10 79 23 83 0 79 40 24 54 74 16 35 54 70 86 46 33 71 27 43 52 72 77 74 88 84 90 61 59 99 53 16 73 20 13 21 28 88 3 41 11 83 84 93 83 61 84 9 32 64 55 11 39 18 45 22 90 36 68 27 57 99 61 81 22 92 81 42 40 34 7 23 86 9 46 56 57 71 76 28 60 98 79 84 86 44 19 48 45 2 74 94 38 31 43 41 74 19 32 1 95 98 15 80 37 11 13 50 71 66 59 7 64 87 76 39 13 76 92 67 12 82
80 20 18 61 71 45 13 44 79 54 30 22 54 91 78 92 22 14 94 27 53 23 25 88 81 88 81 9 95 41 89 52 60 10 98 28 69 82 26 4 61 30 50 29 0 5 25 94 64 83 28 40 28 76 55 81 15 99 47 15 4 48 75 97 59 77 1 12 25 65 87 29 57 80 40 61 35 83 44 81 85 47 41 7 22 34 82 43 31 32 12 62 78 61 78 80 33 72 20 10 40 19 27 75 21 94 69 39 42 28 77 76 40 1 6 52 52 47 65 24 31 18 24 47 94 78 1 98
60 21 75 14 25 32 12 14 30 49 7 0 78 20 30 27 32 25 23 99 82 17 50 45 91 67 83 17 64 60 0 77 62 49 57 95 39 31 29 7 19 96 23 46 94 24 55 27 75 2 99 38 12 34 24 83 19 22 67 70 43 84 16 58 19 73 85 87 36 58 67 21 62 56 2 73 61 92 47 39 54 59 8 69 92 45 18 56 35 87 54 43 52 35 88 59 81 77 3 47 40 69 73 24 53 45 46 63 41 87 45 41 90 30 38 68 25 94 20 81 60 56 3 34 34 77 35 81
30 66 74 9 58 51 15 7 50 1 65 32 38 71 59 6 86 69 89 67 68 80 72 98 91 99 44 67 38 89 12 94 3 15 62 22 82 2 34 6 8 62 17 48 11 67 46 88 24 5 57 96 43 66 30 59 4 56 92 80 88 89 14 98 4 67 32 56 17 26 94 83 61 24 98 85 17 60 4 7 83 1 79 39 26 6 44 72 79 31 68 79 32 55 21 34 21 25 20 98 94 52 81 25 18 0 68 39 71 43 21 83 90 67 92 72 16 22 52 31 33 69 56 12 11 41 53 33
66 87 32 99 89 79 89 23 13 40 90 34 80 89 51 38 80 93 41 52 61 17 48 41 18 70 52 53 88 60 18 87 49 5 37 81 10 32 32 25 11 89 51 23 71 11 4 41 2 76 96 9 66 57 7 96 96 8 64 39 50 64 92 84 9 81 81 41 47 34 98 47 90 95 38 56 70 71 81 79 12 42 43 59 6 91 20 38 43 57 65 36 51 14 93 78 86 2 30 73 89 95 2 25 33 54 88 74 2 86 4 77 3 62 28 80 53 32 57 50 22 88 32 14 46 40 77 47
1 39 27 45 29 56 58 15 27 53 21 26 15 11 63 35 86 98 98 98 51 79 62 26 15 18 72 78 98 79 16 84 16 97 25 65 47 3 88 34 46 76 53 26 49 72 76 36 78 65 82 53 81 62 3 80 61 65 32 76 58 97 93 37 25 38 85 14 67 49 46 42 30 4 19 84 48 67 87 96 60 96 45 74 81 86 2 25 83 62 59 80 84 93 88 41 45 77 52 50 64 91 81 9 10 10 54 90 10 61 56 8 22 48 2 85 77 80 27 29 22 48 49 50 81 64 10 69
7 72 77 82 37 96 71 81 36 4 22 89 21 20 60 20 46 21 70 22 78 23 71 46 59 10 60 47 35 53 64 9 65 38 34 6 83 13 72 68 4 71 59 73 90 80 73 26 61 4 33 57 5 37 11 82 16 26 33 62 32 67 24 96 81 27 29 51 2 37 26 31 53 60 68 60 15 10 42 10 2 25 70 34 98 14 17 21 45 24 40 61 43 72 21 98 11 51 81 86 35 75 66 13 84 6 70 8 38 31 62 40 98 18 39 54 14 1 3 27 21 61 47 83 60 36 31 33
34 71 23 59 7 58 78 84 72 7 83 36 11 49 96 59 67 26 24 92 37 93 23 96 72 65 3 30 87 93 56 46 37 86 16 72 90 20 16 12 92 26 54 51 0 5 53 29 19 60 31 99 70 84 84 86 96 52 96 45 23 8 37 2 25 88 9 57 77 37 33 0 76 31 21 70 65 80 72 2 60 49 61 86 78 22 26 3 92 40 46 71 33 46 53 58 58 6 42 2 13 55 97 79 42 22 23 79 7 43 75 84 35 6 85 5 89 39 34 23 61 48 17 74 29 28 4 72
55 53 8 42 39 86 12 27 6 46 10 80 3 84 74 19 93 25 6 80 92 8 46 20 62 67 22 42 49 27 28 10 19 17 80 66 13 69 73 12 96 43 54 37 18 18 62 67 15 15 35 36 62 45 63 16 55 29 59 50 37 11 82 78 13 20 99 27 95 1 19 58 27 6 4 40 7 31 71 1 41 7 33 60 86 65 29 81 2 75 97 66 98 61 84 61 40 74 39 60 20 52 81 67 97 73 86 94 16 86 94 58 6 71 58 67 37 66 54 9 58 2 98 48 72 22 93 73
33 17 81 56 60 37 7 33 72 58 28 60 57 63 13 22 49 75 29 93 67 87 19 44 54 97 44 38 54 0 43 81 66 75 49 83 10 24 93 59 97 22 67 7 88 95 96 10 4 20 95 80 95 61 65 31 90 41 75 38 35 68 19 69 35 2 92 37 70 56 48 4 76 24 8 17 84 99 38 1 18 0 69 75 96 69 92 22 61 55 87 87 95 85 52 93 53 25 50 6 13 84 61 28 99 23 78 99 70 60 14 51 25 48 96 3 16 41 18 10 18 90 14 15 65 34 73 25
36 71 82 70 41 10 29 9 44 48 85 46 67 27 35 79 17 12 75 6 96 24 12 71 37 75 48 11 37 22 45 19 15 91 25 58 34 91 29 6 17 14 15 56 44 69 49 71 45 17 76 9 91 58 11 9 5 99 75 53 78 19 41 4 41 11 84 0 23 43 57 63 82 19 47 73 99 46 65 96 94 56 34 88 46 91 13 65 0 72 28 42 49 51 93 40 25 46 42 4 66 23 0 43 63 32 95 88 45 92 14 96 24 68 27 47 41 54 48 11 72 79 58 33 65 1 71 84
7 71 76 76 18 93 30 12 68 78 6 4 41 50 55 63 29 50 60 85 1 78 60 17 42 37 37 67 32 84 94 70 88 35 34 78 52 59 88 58 71 28 71 97 16 50 24 77 14 36 29 45 20 3 86 53 86 75 69 57 95 28 21 53 36 12 97 18 48 86 55 60 34 39 96 72 84 41 57 30 16 82 29 71 81 90 99 23 26 17 52 11 13 9 43 28 54 2 33 48 87 44 8 67 69 14 59 12 96 63 5 11 1 13 87 50 20 43 42 1 65 77 32 40 12 95 14 59
96 68 50 58 4 74 95 1 90 6 64 88 12 16 0 38 90 58 56 50 7 39 42 16 87 73 23 39 94 1 4 47 9 42 63 54 91 4 46 86 95 76 35 51 82 61 71 46 3 53 60 32 59 53 33 33 47 33 15 46 23 89 49 9 74 26 85 48 77 27 22 0 16 60 60 60 16 63 75 44 57 0 47 30 75 94 68 16 16 29 93 80 12 36 47 74 43 15 67 8 76 80 12 14 94 40 71 61 11 60 76 99 9 51 4 83 54 77 2 71 67 34 51 4 83 75 29 0
92 64 94 70 45 61 55 69 84 91 93 95 29 73 91 49 56 26 19 31 97 74 23 44 87 54 51 92 80 97 96 67 64 29 63 66 20 79 29 0 79 6 87 47 27 43 71 36 35 8 49 52 74 16 52 96 23 3 97 30 98 59 89 63 27 46 79 23 48 79 88 29 36 24 97 59 16 24 71 47 60 24 47 43 13 62 94 55 73 10 54 59 83 59 66 89 27 82 43 82 99 28 98 97 38 97 77 79 80 59 1 90 32 45 38 27 57 1 19 41 93 2 81 68 56 46 15 65
3 57 46 24 91 72 96 81 26 97 61 28 52 19 84 51 5 52 66 60 43 20 52 26 90 15 38 8 23 30 56 95 72 56 44 93 61 50 85 24 11 67 11 90 85 72 86 32 45 26 29 95 97 75 34 82 17 33 69 70 13 97 61 84 78 93 30 78 28 42 27 91 42 38 11 95 28 63 23 47 34 79 10 39 30 95 34 88 18 17 82 82 8 91 98 91 27 5 99 14 51 30 60 43 54 47 9 92 49 18 22 14 63 1 0 74 26 73 41 11 38 21 78 86 10 87 41 77
69 85 41 99 36 29 86 29 1 85 69 95 3 53 54 35 76 94 72 67 75 92 3 76 54 78 41 84 23 21 82 7 3 13 6 38 83 86 70 50 3 41 27 45 11 14 6 44 0 38 50 72 23 50 17 17 6 89 99 91 15 30 86 49 10 31 3 41 14 85 39 40 25 32 37 62 68 90 28 59 39 47 48 95 18 29 9 24 57 72 88 88 31 51 87 45 4 14 17 27 23 82 26 5 75 78 6 11 69 96 20 25 39 72 15 39 1 86 21 35 16 25 73 63 99 63 50 89
85 49 30 95 91 44 83 80 53 30 74 61 7 51 58 82 29 59 83 17 49 93 49 33 74 36 70 78 90 11 67 72 4 34 18 49 89 6 6 73 22 39 36 98 28 32 52 58 30 32 49 51 55 62 14 52 16 21 64 56 82 4 2 44 26 29 46 93 95 39 34 80 63 25 62 33 84 5 17 55 50 10 11 91 10 77 51 66 91 78 43 85 24 41 99 23 94 38 22 28 35 35 0 42 45 52 9 80 1 68 34 89 93 27 30 79 45 22 91 45 10 72 74 61 86 77 52 89
17 44 21 2 28 58 7 36 7 70 2 15 51 52 41 21 80 20 71 45 2 10 69 42 4 59 24 82 67 9 87 95 34 83 78 40 61 60 51 87 4 38 50 34 23 58 33 77 83 23 91 94 90 69 29 15 90 45 49 53 69 61 34 61 24 81 11 0 26 84 33 53 99 45 47 31 31 83 84 66 94 42 52 75 73 8 5 76 13 36 41 47 25 33 17 59 37 13 62 55 59 25 48 5 43 18 91 33 92 57 55 54 20 72 77 6 37 7 61 62 28 91 9 65 31 43 36 46
65 85 39 38 47 66 74 56 35 13 11 1 85 18 57 38 45 60 41 55 92 81 4 7 64 51 83 24 14 84 92 76 17 37 77 96 54 67 22 26 52 65 2 14 23 66 90 44 6 51 52 49 47 92 11 87 85 43 11 46 85 9 17 57 62 82 24 64 6 72 99 20 84 68 4 30 65 2 0 21 22 34 56 9 54 82 33 63 76 76 85 46 75 45 38 83 77 37 27 47 28 11 66 86 4 50 87 19 17 1 94 81 39 51 10 79 4 60 59 32 31 81 71 70 64 91 78 71
37 94 98 46 31 22 22 19 66 8 30 18 87 12 94 39 44 22 81 76 65 23 58 49 31 68 4 38 88 66 24 8 59 98 37 43 99 88 67 24 56 68 56 64 81 3 42 89 92 57 41 13 11 80 37 41 78 6 65 99 9 22 25 61 68 57 49 63 78 5 66 45 77 74 45 62 38 7 35 4 86 98 12 15 20 81 49 6 56 10 17 3 33 95 42 45 3 18 25 34 71 87 23 45 94 68 43 0 59 91 12 95 46 39 25 40 17 93 63 25 17 32 21 36 42 65 61 45
5 79 5 34 20 39 17 59 95 24 73 87 33 95 93 69 14 86 25 74 56 51 44 84 97 25 63 26 97 1 86 12 55 2 42 31 80 9 24 18 79 44 53 50 42 32 5 61 82 80 65 32 44 26 54 5 68 51 99 14 61 89 23 22 54 32 61 44 42 47 91 28 72 7 28 87 31 18 84 9 48 58 49 94 97 46 91 95 44 54 95 97 44 18 71 97 28 64 20 15 9 39 56 68 1 24 87 5 78 96 19 96 87 44 43 62 93 44 45 55 88 44 56 72 3 55 92 58
5 70 26 52 22 74 62 5 17 17 84 59 32 45 48 6 50 66 29 18 58 77 52 89 67 33 90 16 19 58 17 57 10 80 23 56 9 24 33 67 47 68 22 74 21 80 11 14 78 3 62 68 3 1 97 30 8 46 62 38 13 2 90 27 2 5 76 55 54 6 47 69 8 94 18 92 43 58 82 46 71 4 26 11 81 19 66 54 85 96 84 7 21 62 72 50 51 10 28 99 12 77 59 80 42 58 48 57 3 13 36 18 43 85 35 36 58 26 70 31 40 83 74 16 50 40 88 22
15 73 70 16 23 73 73 70 29 7 82 45 16 47 93 37 49 81 86 58 49 44 14 94 30 38 61 7 94 10 12 80 82 34 73 50 18 99 30 22 16 57 49 54 16 67 82 95 51 26 23 98 35 98 62 15 28 51 16 36 50 2 92 9 97 83 28 78 76 92 23 37 30 39 66 70 67 71 45 72 13 46 54 92 62 15 26 69 16 13 68 22 53 14 18 38 82 12 65 4 3 29 89 43 22 79 74 88 97 50 13 94 81 63 93 98 73 79 33 15 77 41 7 75 1 72 6 5
99 77 61 87 64 14 34 59 29 75 46 28 0 17 50 22 2 38 38 58 38 99 61 42 62 87 64 18 48 81 27 87 64 98 63 52 95 31 28 54 58 75 66 40 17 36 57 30 95 76 54 79 98 91 65 51 95 48 5 72 95 52 64 34 93 82 46 95 68 27 38 80 83 58 93 96 60 91 39 79 60 25 39 72 84 68 16 14 85 59 6 7 4 37 47 85 79 21 64 61 27 70 88 86 59 29 40 10 49 99 83 13 50 47 48 90 63 70 23 92 53 89 60 23 57 23 96 26
71 40 29 23 63 48 81 78 38 62 87 5 47 0 53 57 74 90 84 62 84 41 78 78 56 65 89 14 53 16 74 50 2 41 56 60 59 37 62 16 48 30 26 51 7 92 53 64 68 0 85 41 48 90 30 32 24 39 25 97 0 48 88 91 86 92 89 16 82 92 27 62 71 86 27 69 16 11 25 85 4 10 67 7 84 33 45 70 43 60 61 89 71 71 88 33 42 40 36 17 34 79 25 82 88 39 46 50 4 46 20 2 89 45 71 89 31 53 55 45 46 55 61 43 28 87 20 72
89 83 41 28 49 13 60 75 71 51 73 58 51 14 58 17 25 85 12 41 76 56 58 95 89 53 91 21 65 37 76 34 24 67 33 15 25 76 42 35 87 18 64 67 54 8 31 76 33 11 2 1 6 74 41 83 42 49 18 38 47 14 62 17 0 50 99 32 26 44 16 2 72 18 34 2 78 17 95 1 58 48 14 26 26 97 37 49 26 68 75 48 13 78 4 92 21 60 24 61 94 3 11 77 40 33 22 34 91 5 42 65 39 93 65 72 74 59 77 25 34 73 7 35 23 40 30 37
17 86 20 93 39 30 26 25 24 86 37 57 85 74 51 7 45 24 6 25 36 11 90 71 31 33 45 0 21 58 48 14 80 10 53 0 25 37 93 62 57 94 20 86 75 42 33 42 29 78 2 70 84 28 88 63 19 93 25 17 9 32 43 62 9 89 92 47 33 65 26 22 24 82 37 61 83 17 33 86 71 65 97 83 91 80 98 76 22 64 0 22 8 67 64 44 12 56 57 83 2 36 71 96 46 46 83 11 45 0 14 65 31 73 80 65 81 92 33 45 73 86 38 25 96 97 3 82
57 96 98 98 28 20 19 65 48 60 61 74 68 59 21 10 4 47 3 50 84 59 56 56 49 72 29 66 75 8 72 94 56 29 77 64 48 13 58 2 10 21 85 59 76 22 87 25 3 58 41 46 25 56 77 52 17 96 51 15 9 26 96 29 3 52 16 41 80 88 81 29 63 86 82 41 98 39 11 46 56 6 1 72 45 30 78 98 18 42 83 23 58 29 12 23 4 15 31 4 5 23 14 72 69 50 5 95 15 67 62 88 58 74 38 76 51 91 37 32 26 24 13 88 85 87 75 63
65 59 11 45 14 82 61 62 14 42 30 90 65 52 10 74 87 48 27 68 45 59 18 80 53 2 9 53 5 80 32 97 71 92 26 22 69 76 15 17 83 12 46 80 55 70 41 21 39 54 21 90 71 75 65 31 67 99 88 27 85 55 67 93 51 61 95 94 53 44 71 85 72 23 83 80 20 67 77 53 85 34 28 8 70 4 56 29 61 96 76 1 69 42 26 89 28 25 13 61 66 89 27 13 57 42 92 19 90 42 26 80 42 67 82 18 20 40 29 8 76 7 33 41 75 92 20 68
92 73 60 91 95 32 78 56 96 97 69 34 12 85 71 12 96 63 88 43 38 74 0 48 95 87 7 6 1 16 72 13 12 3 93 23 10 12 30 40 85 97 47 96 69 64 62 31 23 28 71 13 69 62 5 26 78 57 72 72 15 83 43 96 37 2 26 83 11 55 87 95 54 95 1 58 58 39 51 43 29 94 64 59 5 9 35 82 70 55 93 52 90 63 48 54 52 47 8 35 39 2 83 16 44 13 50 86 37 14 74 59 8 6 0 97 54 65 20 3 32 70 69 44 50 58 69 27
49 38 79 34 58 45 55 5 17 89 27 28 77 69 99 17 89 72 81 92 50 81 21 13 34 81 47 46 19 65 52 84 90 83 82 14 23 11 50 54 66 95 41 19 77 21 71 56 88 74 48 15 89 62 82 36 44 26 1 27 23 75 85 91 52 74 93 24 49 74 6 83 57 30 65 96 76 47 0 40 41 59 80 93 17 61 34 6 92 9 91 73 60 4 57 75 15 40 61 5 40 81 65 55 80 79 22 49 21 92 15 68 89 60 98 40 97 16 23 80 51 60 44 36 25 53 17 31
32 30 24 56 65 13 44 75 34 2 66 0 6 61 45 96 25 99 36 53 76 40 94 44 31 23 71 53 74 63 52 45 14 19 87 34 74 33 33 70 14 61 8 98 4 23 82 42 99 79 93 61 35 23 6 26 50 65 40 93 97 51 39 45 7 55 35 86 48 36 8 41 68 41 43 55 81 60 99 55 72 67 99 56 36 24 17 2 3 44 33 7 45 82 26 91 73 81 71 16 77 89 52 19 6 54 20 86 73 22 67 87 93 7 38 81 22 48 87 40 88 7 9 67 75 68 75 56
14 79 12 97 45 56 93 52 70 21 9 27 61 56 58 67 3 18 47 33 23 13 60 55 86 58 17 25 46 27 62 65 13 46 20 20 61 98 72 45 15 39 42 71 69 29 65 27 14 8 23 81 56 66 0 23 78 58 91 58 18 87 19 64 87 13 12 58 28 79 40 55 97 17 2 64 1 14 24 10 38 0 10 33 90 10 48 79 97 46 45 88 44 75 78 63 53 71 68 52 94 64 51 40 15 41 9 70 61 34 8 82 68 63 27 41 51 60 86 75 84 26 81 86 81 26 61 6
5 79 62 94 4 23 70 17 0 36 79 33 93 39 88 0 37 22 71 35 55 17 53 95 18 69 26 20 69 53 23 45 54 70 19 0 96 59 63 87 77 96 77 67 44 46 23 24 46 75 70 71 13 15 83 43 18 81 77 52 51 31 5 68 28 69 8 12 40 0 88 71 22 72 87 74 45 23 55 49 28 95 33 21 55 19 14 21 97 40 25 90 95 94 93 17 21 2 28 50 44 33 46 75 81 38 99 26 51 59 43 32 29 19 81 36 49 29 11 73 5 88 93 48 36 74 39 89
49 13 93 82 19 70 40 60 99 50 69 95 48 72 12 43 1 32 87 97 80 4 0 7 71 35 34 49 59 15 17 57 24 48 49 19 90 56 12 17 78 13 29 45 57 38 73 41 90 4 91 22 65 7 15 27 83 87 52 12 28 33 78 24 78 3 45 22 73 2 71 86 87 32 84 78 35 20 95 91 50 16 51 16 8 78 59 30 5 76 36 93 39 42 36 2 13 28 95 76 31 79 87 59 10 29 7 86 81 74 64 79 40 23 96 90 53 80 35 9 69 43 50 13 62 91 17 41
23 76 56 45 23 12 86 25 99 98 87 15 99 76 98 55 82 44 57 66 60 6 30 27 80 39 3 19 26 35 57 65 34 49 57 35 7 8 35 13 24 27 22 16 43 17 53 69 21 22 93 12 70 48 94 1 34 74 69 72 91 56 10 8 27 10 57 52 36 66 54 93 52 71 54 64 62 47 36 50 14 60 9 63 58 91 97 58 22 82 79 44 39 91 27 18 61 80 46 57 87 17 18 94 46 0 83 63 69 45 23 97 36 22 30 50 77 76 73 81 35 34 82 82 15 86 86 7
40 84 9 75 71 19 90 67 20 44 9 23 18 23 52 13 66 31 27 13 52 83 94 1 87 23 27 92 14 40 74 63 56 40 66 7 8 54 76 31 55 76 28 34 90 0 79 87 39 5 42 50 3 74 57 4 65 49 28 59 13 15 66 85 16 87 52 46 66 84 13 23 85 92 85 53 77 30 56 0 5 91 78 28 66 53 53 75 75 31 39 81 88 28 38 63 54 49 35 49 65 40 34 36 18 12 32 4 87 82 3 76 48 15 52 84 27 21 68 90 35 74 21 1 53 70 91 29
43 10 87 29 88 10 64 39 30 4 24 84 37 18 80 50 82 67 16 41 47 79 7 30 81 39 76 27 14 45 87 57 60 71 5 63 0 14 44 25 71 43 61 44 36 5 14 27 23 81 17 19 30 54 46 19 77 33 40 28 68 54 96 94 31 24 87 27 84 70 8 20 59 34 77 94 14 54 49 35 94 25 69 49 78 45 56 20 86 95 71 14 98 22 66 67 27 90 84 36 55 91 43 41 62 40 69 97 53 94 87 91 81 80 95 16 22 50 41 75 72 29 14 37 64 8 1 9
62 66 46 97 32 48 55 72 72 19 46 27 6 33 40 95 45 21 48 24 21 63 90 36 48 25 54 43 98 42 96 96 73 28 45 87 5 94 17 39 56 33 95 16 83 27 39 37 13 87 45 9 47 5 82 97 46 79 97 2 30 23 42 50 75 23 48 86 48 75 91 98 17 2 64 91 15 76 8 43 20 57 67 82 77 31 87 20 4 20 96 64 54 31 75 42 86 2 89 7 8 73 40 82 57 49 19 29 26 72 12 85 27 76 48 12 48 68 37 22 38 54 19 46 91 94 86 96
52 96 92 69 32 86 47 79 98 93 62 12 37 39 9 60 46 67 32 95 64 93 8 86 36 46 66 24 96 15 27 49 60 10 37 78 25 73 12 76 42 87 28 19 12 84 4 51 76 46 23 92 74 31 30 26 39 7 5 32 80 8 92 50 33 42 43 96 63 19 83 35 52 33 92 25 50 44 23 11 53 34 48 73 54 91 31 47 90 79 23 92 18 80 72 48 54 63 97 47 53 51 16 63 91 14 30 35 44 71 80 96 61 63 80 40 67 54 20 11 68 46 48 64 38 6 69 46
8 11 44 43 62 35 23 22 39 41 95 29 38 57 66 93 39 44 87 49 67 87 37 5 26 23 3 16 84 29 70 83 70 43 2 82 65 75 67 1 59 79 44 16 28 89 19 90 62 78 45 93 93 95 40 14 6 39 67 62 62 68 31 16 5 45 29 7 10 92 50 71 7 79 23 93 77 95 92 10 44 90 45 23 65 37 12 87 55 35 26 38 75 76 39 32 41 60 7 64 3 81 19 8 1 43 75 24 13 44 88 28 10 5 86 40 16 49 28 71 33 49 63 52 51 25 70 73
73 92 78 60 38 38 47 10 83 66 52 77 17 61 49 91 34 79 35 2 26 45 19 35 99 35 83 27 97 10 99 71 37 79 53 64 5 95 22 92 82 80 61 68 37 90 44 23 29 73 34 21 66 28 70 34 7 85 58 82 92 28 87 72 49 29 54 69 96 10 10 55 93 42 34 42 81 0 50 31 93 59 49 82 83 23 17 53 2 59 20 98 57 68 16 64 24 82 55 92 78 40 92 27 78 57 42 90 31 5 9 73 3 65 69 75 77 84 27 67 9 40 32 91 51 64 91 86
4 36 94 57 45 71 67 76 47 71 13 2 42 18 65 26 38 83 75 0 21 81 93 11 20 40 23 45 43 89 31 95 6 60 40 48 95 93 68 0 62 21 87 4 63 44 54 78 26 40 9 8 87 55 64 48 7 29 21 4 98 37 26 29 71 71 34 16 8 79 45 18 96 41 68 3 43 56 18 41 45 47 3 36 99 85 98 27 90 70 52 60 43 71 32 53 64 95 42 54 75 52 17 38 83 67 77 3 13 59 22 68 45 8 80 88 47 36 66 70 42 59 6 3 22 89 46 70
37 46 68 15 92 99 44 45 64 44 20 20 78 48 23 44 43 18 78 93 25 98 21 57 0 88 71 77 25 16 56 7 79 36 79 65 89 52 99 13 4 62 99 71 46 3 61 20 18 3 5 29 68 17 54 74 95 28 81 80 48 28 88 87 66 94 75 2 12 51 1 70 19 71 20 81 81 31 59 50 35 66 4 84 38 91 99 25 3 73 35 59 92 7 45 14 14 75 87 5 90 69 96 14 34 63 58 18 17 60 16 64 19 18 1 8 39 75 51 13 53 58 1 85 5 3 77 93
64 80 99 70 67 75 56 48 4 71 86 92 60 12 87 31 36 17 82 68 35 8 78 14 42 75 80 21 29 15 32 95 65 14 87 77 23 10 91 37 51 50 12 83 10 60 8 13 31 99 22 65 28 90 26 25 21 10 45 82 91 18 31 20 87 13 61 18 58 51 11 35 41 72 39 5 91 80 86 50 1 88 15 66 75 26 70 0 78 93 32 49 95 17 52 57 88 41 69 92 53 16 95 26 9 41 99 3 9 58 69 58 98 64 10 24 7 15 0 44 37 49 0 63 16 40 16 69
33 99 11 2 46 86 23 3 72 51 59 45 45 11 5 24 57 33 8 82 37 93 38 7 35 90 7 36 58 85 83 80 74 57 92 40 33 91 11 70 37 42 23 51 53 91 81 96 84 79 10 22 9 46 12 22 23 98 92 10 56 37 7 98 90 53 36 35 86 98 14 66 80 80 38 69 92 11 69 37 3 52 76 5 45 35 66 67 34 29 98 72 8 5 81 58 98 86 74 69 2 70 99 4 67 97 89 19 69 14 66 53 90 6 64 22 0 36 77 52 49 85 20 75 61 15 98 97
30 89 10 89 26 23 11 37 97 99 91 1 23 47 19 77 92 54 60 66 29 33 21 29 24 83 27 45 77 94 33 83 11 37 7 22 8 68 42 5 37 88 86 22 19 49 77 69 94 76 16 48 49 42 54 37 93 29 75 74 61 56 32 83 67 76 91 45 33 33 48 70 47 4 73 44 98 71 64 74 14 8 52 32 0 2 0 20 34 15 38 25 13 57 44 7 26 49 23 0 58 98 21 65 77 62 90 49 44 51 6 62 49 1 17 98 31 89 76 43 16 30 62 21 58 36 27 71
42 98 4 95 14 82 52 24 62 76 96 16 60 2 28 76 85 59 59 54 16 39 31 11 9 25 91 84 79 85 86 2 82 47 78 39 5 63 29 82 38 66 21 7 80 80 5 10 97 96 48 26 33 70 68 99 31 44 30 35 41 13 9 98 20 46 59 87 26 67 36 78 73 68 33 44 73 63 90 10 57 46 31 77 85 97 68 58 37 72 41 76 41 86 66 75 41 64 97 80 47 88 25 20 19 88 0 77 98 7 38 17 15 44 3 51 33 82 54 63 43 60 62 34 52 6 4 12
50 74 77 48 20 32 30 22 23 50 85 85 54 57 82 9 50 59 88 68 96 45 49 29 60 98 79 69 51 27 78 7 80 29 62 57 14 61 68 17 63 68 42 17 36 96 96 50 99 41 0 4 77 54 31 64 3 27 30 36 32 19 60 92 14 53 58 44 99 59 12 14 85 47 33 81 68 5 60 40 71 42 52 24 67 65 83 12 16 51 42 26 73 26 27 78 45 4 24 60 95 28 10 16 17 53 57 20 80 6 90 29 47 83 87 91 6 65 50 2 0 58 88 51 42 98 71 54
81 50 75 21 62 34 67 31 59 52 99 53 3 44 55 40 53 23 4 67 41 39 14 95 87 16 76 72 1 18 73 10 25 66 5 80 1 71 20 7 62 41 82 67 50 77 75 64 58 96 43 52 90 6 65 53 69 27 78 13 22 63 79 49 30 93 99 20 73 56 67 3 80 75 60 55 43 59 38 86 76 29 7 12 46 11 42 46 86 26 42 13 26 43 78 51 19 83 14 26 6 82 0 70 85 68 96 42 23 77 68 35 66 6 38 33 61 21 7 8 28 33 94 47 72 9 36 75
92 50 63 27 54 48 54 60 95 44 49 29 90 84 71 2 34 94 48 22 64 69 22 63 20 8 91 40 45 79 1 16 20 98 14 43 91 52 85 42 32 19 79 70 91 14 35 11 71 72 20 60 32 50 75 45 94 98 19 68 80 83 58 51 66 28 80 45 3 95 52 20 10 41 0 68 19 87 39 97 94 10 82 91 66 74 63 36 59 52 90 44 63 52 36 80 45 63 77 17 27 41 87 28 17 98 41 59 90 55 69 7 49 27 8 5 57 27 17 14 97 6 52 10 82 1 87 64
80 48 40 26 63 49 23 12 6 88 77 18 46 81 74 84 16 37 77 11 20 69 11 83 51 40 96 14 67 8 76 57 82 78 3 74 17 60 87 79 1 43 67 17 57 57 9 4 12 66 46 74 6 56 49 32 4 64 75 16 2 94 70 42 94 73 40 52 55 48 79 64 97 9 55 5 94 39 69 61 30 89 53 12 40 38 12 7 81 91 19 3 91 98 24 27 98 49 38 56 37 61 27 34 8 90 17 43 58 60 89 40 46 53 10 50 85 21 33 20 36 98 21 74 25 59 89 58
67 77 63 98 67 71 72 60 25 13 26 88 54 33 69 76 27 94 27 77 63 46 54 3 33 6 87 27 21 38 57 8 52 38 0 49 39 86 48 51 57 51 60 54 34 89 36 88 42 68 95 92 62 65 37 45 64 12 77 39 16 21 60 35 84 67 40 39 69 36 40 39 92 92 87 11 82 90 43 20 57 89 54 8 36 71 2 56 61 28 27 27 20 6 25 44 54 43 43 45 97 59 25 32 66 31 94 81 23 32 82 86 46 74 66 21 89 2 80 93 79 35 60 12 46 75 0 52
36 73 45 38 47 45 80 56 1 86 82 46 78 60 21 39 33 82 12 76 50 35 77 26 93 55 35 57 21 37 90 81 27 31 14 12 27 54 60 15 74 39 13 28 12 23 13 64 44 7 19 52 9 64 74 7 48 80 84 18 15 76 1 8 10 55 61 47 1 18 7 85 76 7 7 6 32 25 58 61 3 89 44 2 62 71 22 70 53 39 18 61 94 80 92 79 60 78 80 47 74 13 28 52 33 37 90 90 94 97 59 86 29 12 52 58 21 51 8 87 67 54 27 41 90 50 41 82
44 68 7 5 99 53 62 52 95 40 42 57 39 97 39 7 68 89 69 40 97 36 19 37 29 37 25 58 36 56 60 57 3 95 26 59 80 36 25 30 15 62 71 47 53 12 99 70 13 93 70 86 71 83 26 36 48 67 40 51 51 33 69 2 10 0 33 77 17 57 2 13 22 87 60 84 53 75 57 33 96 54 93 72 20 97 67 19 76 86 63 84 46 74 63 99 67 11 63 92 11 12 15 70 16 39 63 62 19 24 99 58 65 60 56 32 82 81 61 1 97 11 44 53 82 3 72 24
51 87 97 14 19 76 11 53 71 82 52 66 99 51 21 3 41 37 65 83 73 90 16 89 26 48 35 75 62 90 99 76 7 87 92 14 28 50 92 29 50 70 16 92 32 28 2 95 49 96 94 7 94 15 37 32 65 93 81 34 35 4 84 85 95 19 40 3 2 30 90 25 3 32 32 94 43 47 87 4 77 17 46 14 57 75 70 50 89 4 88 68 76 61 88 94 2 53 91 6 97 53 83 25 9 43 43 60 57 88 68 58 26 21 76 20 47 90 33 54 15 91 97 78 94 40 27 25
41 29 28 88 54 74 48 11 12 24 26 9 22 19 36 77 37 49 58 68 97 8 22 76 82 19 26 15 24 10 43 25 25 25 91 85 83 44 25 65 34 55 18 47 44 75 19 56 58 63 7 68 79 58 85 77 87 75 54 17 66 6 50 2 51 36 47 36 77 68 99 65 41 79 43 82 95 29 70 36 36 54 97 76 99 26 56 52 36 70 10 77 15 21 55 3 4 79 49 50 7 63 62 61 66 63 71 25 35 95 71 65 61 15 99 82 47 27 9 49 50 72 41 99 8 5 43 1
25 18 65 18 59 38 30 21 1 68 46 57 2 93 41 32 76 80 32 54 7 95 87 73 97 18 18 86 96 69 73 38 29 58 91 10 63 68 43 44 84 33 93 30 57 51 88 44 39 67 39 81 56 57 51 42 63 67 22 11 6 27 67 21 75 10 34 55 42 49 46 7 15 57 8 50 77 41 63 1 68 29 99 19 47 48 70 61 79 17 26 43 18 78 85 67 59 97 68 30 69 33 39 25 41 11 80 6 96 94 0 54 48 4 55 93 66 20 83 26 90 70 55 69 9 72 70 99
7 20 8 90 44 86 60 2 61 35 17 34 51 69 5 14 31 46 10 43 93 83 65 26 17 6 59 19 74 95 76 56 74 60 84 45 37 56 63 25 24 4 48 16 90 59 38 76 16 69 11 93 54 36 71 18 75 33 45 16 77 38 3 38 10 8 43 34 1 45 44 71 51 69 35 66 46 21 44 66 63 40 6 28 10 33 70 84 49 97 61 76 6 32 14 24 64 4 83 96 39 22 96 78 43 45 21 37 97 77 40 64 58 58 44 4 96 99 13 50 48 59 64 45 30 54 92 31
13 45 68 82 50 62 66 43 31 2 78 82 97 86 24 76 92 10 64 68 55 90 95 1 93 59 62 25 78 47 68 89 80 8 28 29 4 50 78 80 34 65 38 84 39 78 65 50 87 42 30 91 30 39 46 10 36 70 54 38 46 4 49 51 51 81 81 8 34 67 34 92 42 69 56 81 66 10 48 36 96 74 17 94 20 81 69 20 4 16 24 38 23 57 46 32 58 93 3 7 65 74 2 67 18 56 20 21 98 66 19 54 10 50 60 59 62 6 27 28 4 90 20 69 21 53 57 93
50 3 19 75 20 6 65 86 83 29 15 47 56 23 19 49 40 31 1 78 0 12 46 91 7 95 38 6 90 95 82 25 5 85 70 20 80 55 69 45 53 50 98 62 51 28 25 78 31 86 14 21 32 80 44 29 75 98 83 57 94 48 21 27 90 59 27 68 78 4 61 15 48 18 31 26 14 76 27 1 70 84 71 89 46 76 54 55 20 42 70 66 45 95 57 95 99 30 4 95 9 37 13 45 24 55 43 79 21 78 89 35 3 24 96 22 17 76 79 29 80 77 48 20 61 41 14 48
99 9 42 24 30 17 83 40 78 60 63 5 76 5 7 88 99 34 25 69 11 96 64 38 46 82 20 98 3 49 24 5 68 30 70 43 32 81 45 46 71 21 96 81 99 13 90 80 9 75 71 61 31 53 2 26 96 89 37 70 35 65 14 57 32 41 30 69 75 27 29 38 23 29 91 26 25 86 85 8 97 99 78 30 14 21 57 44 76 3 66 68 57 81 84 28 13 35 19 78 33 75 32 90 9 69 47 6 69 28 26 83 79 52 14 58 59 76 94 65 32 55 5 70 8 16 35 48
54 94 27 97 84 75 97 65 15 24 20 83 50 17 33 99 8 94 92 27 25 50 60 19 4 55 84 34 73 19 53 42 76 34 42 23 51 21 41 42 45 75 66 64 76 70 2 71 34 55 63 24 85 6 29 85 40 80 96 71 16 43 90 25 15 26 37 72 95 97 64 86 53 83 44 28 50 99 6 45 49 65 43 7 80 71 87 73 47 42 56 52 87 85 2 87 88 65 42 80 33 32 88 31 15 49 22 42 31 98 12 21 81 58 67 9 1 93 38 86 95 54 77 63 1 17 20 55
47 14 76 75 2 91 74 34 72 25 82 4 30 38 78 10 92 55 30 97 25 98 41 77 11 78 34 60 68 37 65 83 15 52 47 83 38 84 60 35 19 77 65 6 67 52 36 76 29 43 83 7 30 37 93 5 1 64 33 74 60 48 58 29 85 75 72 35 50 87 55 96 26 24 89 98 16 4 59 38 91 40 82 33 69 23 23 2 71 92 79 47 53 81 25 89 99 87 66 86 60 77 49 31 22 95 7 11 11 16 82 93 98 37 2 88 7 7 71 16 7 32 97 36 52 15 6 94
92 14 72 42 47 25 15 93 51 75 58 95 20 24 69 70 76 29 12 85 39 91 30 47 37 72 2 52 68 60 40 7 16 28 53 40 66 18 95 30 28 50 72 49 67 16 47 60 74 82 25 10 62 92 36 66 68 88 71 13 5 59 99 68 59 88 3 11 97 59 90 76 72 11 14 99 11 35 6 46 92 4 73 89 26 48 36 13 50 89 31 18 50 73 67 80 69 10 35 35 62 54 76 65 97 14 8 35 78 52 90 89 4 60 63 11 12 17 98 88 26 86 64 60 72 37 88 82
91 75 42 59 92 42 1 61 79 34 9 69 19 32 78 5 19 64 5 87 46 35 58 87 2 47 28 54 91 40 74 72 51 6 9 13 34 5 31 50 72 1 93 79 87 29 99 27 19 61 85 70 30 16 44 13 95 46 65 92 59 69 26 77 7 4 98 32 86 93 15 15 69 1 52 74 22 79 65 9 46 62 47 93 50 98 86 94 35 19 60 17 82 93 67 0 51 18 59 48 62 39 6 85 35 82 15 36 94 73 73 39 59 13 90 78 27 33 95 45 73 16 9 70 51 35 37 61
78 60 24 38 56 70 31 21 95 74 52 53 14 83 39 68 83 73 59 81 36 34 67 57 96 51 78 21 81 69 90 78 61 95 7 88 19 69 66 15 13 29 45 45 60 47 78 21 74 65 99 19 99 89 35 16 66 20 96 47 77 74 34 17 10 95 18 58 98 82 55 88 19 61 69 69 25 94 75 96 43 88 27 38 81 62 13 74 67 53 32 77 30 26 9 41 35 61 30 39 72 58 62 68 23 81 79 62 80 1 4 27 49 72 59 59 23 31 33 23 84 1 39 57 56 68 32 91
11 84 47 24 13 84 54 90 85 37 42 88 43 53 40 90 48 99 13 27 93 49 5 22 57 86 31 21 62 69 87 84 87 88 20 16 55 13 42 2 32 83 16 2 73 29 43 79 27 2 97 5 19 79 65 91 87 58 42 53 43 98 12 17 36 35 2 73 5 27 70 84 14 68 86 52 88 56 6 53 10 4 21 82 7 89 52 32 41 42 24 16 90 43 24 78 44 25 17 22 41 7 65 67 42 63 26 45 95 62 95 46 7 35 68 68 5 98 93 47 71 35 5 83 4 62 17 50
62 65 30 76 39 74 90 14 58 77 57 9 52 41 99 69 71 82 60 52 43 77 48 59 12 75 30 50 3 94 52 8 73 46 55 74 51 1 88 4 75 83 44 77 3 71 70 63 60 20 55 89 46 57 85 15 66 3 79 51 12 50 39 82 22 37 3 24 19 93 68 59 2 0 30 90 15 28 2 48 64 9 81 8 29 82 1 75 37 28 37 68 2 75 53 99 75 53 92 14 34 39 79 94 75 75 76 75 55 19 64 19 88 6 97 0 15 78 34 94 23 89 13 64 60 0 30 98
91 40 37 67 42 51 18 54 36 38 97 98 73 26 13 50 41 98 22 22 84 39 9 8 62 21 24 16 63 78 64 98 83 51 23 60 46 36 55 99 93 78 92 89 90 39 70 64 76 86 67 74 44 21 42 53 71 73 89 72 47 1 50 1 60 65 67 6 5 80 81 55 90 75 20 25 13 29 74 94 58 49 12 93 57 9 88 75 42 3 83 34 64 76 66 35 30 12 72 31 98 6 36 35 2 88 13 12 23 45 12 5 82 0 24 20 89 48 17 40 52 12 18 24 70 87 21 6
92 41 33 15 29 5 91 95 1 7 75 67 67 60 87 98 97 89 80 62 46 15 62 0 32 72 30 63 22 67 89 94 64 81 4 96 2 84 61 59 75 19 35 22 74 29 2 72 28 34 13 66 23 98 25 70 52 61 13 97 94 63 71 50 32 51 87 99 65 55 81 78 27 50 38 93 37 86 3 98 94 94 14 36 81 18 30 69 55 12 67 0 95 82 1 75 55 39 34 75 9 63 92 16 22 82 9 5 4 46 40 86 85 10 99 57 0 44 81 37 72 79 1 2 81 77 49 64
17 60 25 27 76 50 45 4 55 36 87 6 15 18 85 68 84 48 27 92 78 13 9 13 32 68 58 98 70 9 5 44 28 91 63 10 59 52 83 26 58 46 75 35 39 64 95 89 17 61 91 4 90 75 31 57 84 12 44 9 78 91 67 82 29 14 12 29 31 46 25 81 77 46 63 94 18 81 23 74 2 5 23 97 42 88 27 5 74 21 75 73 45 71 57 55 54 47 73 67 73 19 42 27 15 22 58 3 83 2 58 17 85 81 58 46 82 44 90 11 97 22 86 2 95 55 30 0
11 40 50 82 58 19 87 69 38 73 32 50 80 17 3 90 8 71 67 23 84 97 89 39 95 76 57 58 59 19 15 98 42 9 72 19 36 63 67 13 3 52 52 47 89 7 92 15 63 70 95 66 43 5 75 58 71 10 55 15 49 5 77 25 3 52 49 61 3 48 34 71 50 19 28 57 67 93 43 99 89 77 71 31 44 46 78 56 81 47 45 79 44 87 46 91 22 81 78 90 8 18 93 7 96 1 91 27 97 21 35 31 15 37 90 53 45 47 22 58 30 10 46 40 26 14 53 82
60 36 56 16 31 65 88 39 15 49 61 81 1 51 20 60 82 56 85 76 2 72 24 39 63 12 6 86 95 53 1 74 75 83 4 80 5 67 13 44 93 49 25 79 47 11 59 38 61 67 92 80 14 19 18 29 55 69 39 73 33 52 58 17 43 70 97 15 23 67 68 79 33 58 33 3 44 41 15 59 49 67 97 76 73 33 39 38 68 9 85 57 31 90 2 36 47 62 90 80 47 87 18 57 63 57 50 37 99 36 48 64 30 18 16 17 39 91 98 36 15 60 8 88 46 12 68 14
58 34 95 83 21 79 23 36 3 53 60 69 96 71 53 72 49 14 81 32 69 40 83 19 67 4 66 79 77 50 87 45 69 47 96 29 41 56 36 26 72 72 87 63 28 45 41 59 62 86 85 65 93 81 6 74 92 69 36 75 81 52 85 66 32 34 53 78 91 57 69 19 32 19 9 56 98 77 16 27 96 5 91 73 47 62 76 73 96 2 38 12 35 59 72 79 26 3 42 46 62 3 57 49 82 99 31 79 11 21 74 14 19 12 34 89 8 75 57 40 87 68 94 14 95 78 65 17
95 33 97 75 30 51 56 45 47 66 3 30 75 92 20 34 14 69 65 10 53 37 49 38 71 69 57 36 60 29 28 26 21 0 56 27 42 33 22 63 1 49 85 20 57 99 93 25 69 72 19 3 31 86 19 12 87 17 39 95 7 2 4 43 28 74 86 94 84 31 0 89 32 12 75 22 10 40 35 15 97 1 18 28 79 75 85 84 14 21 12 86 68 52 17 43 43 23 19 67 35 38 5 30 23 31 46 95 20 63 22 38 51 94 5 20 17 67 92 48 19 55 81 26 93 75 27 82
