35 67 23 78 32 34 64 5 41 20 57 35 24 57 39 38 89 52 89 24 59 39 49 43 14 59 74 12 77 33 50 56 57 99 90 7 24 4 13 49 2 89 52 22 19 97 40 67 90 8 20 94 92 48 18 29 69 8 74 27 25 83 18 37
63 43 46 71 40 23 39 16 84 83 12 16 87 41 92 77 34 80 50 80 74 12 76 71 50 89 53 15 28 29 32 81 89 53 22 37 74 75 45 68 34 89 32 98 3 48 11 32 29 68 3 42 58 50 32 75 56 60 0 3 52 1 92 55
40 74 1 87 57 90 68 18 81 62 67 42 70 26 70 61 27 54 34 90 22 35 39 74 50 30 46 78 9 64 27 56 31 22 4 63 74 2 3 28 60 4 62 34 92 36 44 7 20 89 38 46 10 39 64 31 68 51 13 32 15 78 66 54
81 74 29 4 73 80 70 74 87 63 12 7 34 24 95 99 95 77 57 57 38 32 40 47 47 91 96 2 78 69 29 18 40 83 34 16 34 95 99 56 5 33 21 89 24 17 9 56 53 99 29 45 60 65 96 42 0 32 5 48 51 3 93 9
2 44 38 30 26 10 74 14 10 40 47 47 71 62 10 52 34 99 23 29 12 40 96 79 27 95 5 54 8 42 38 19 35 43 59 43 17 17 7 43 48 25 41 92 60 38 2 84 87 23 4 30 40 39 41 83 61 8 19 95 3 15 34 87
48 36 78 72 39 78 81 90 31 86 97 53 52 28 7 3 42 24 22 99 31 1 77 29 52 3 96 48 3 80 32 6 10 98 31 82 28 2 23 48 68 62 86 23 91 82 87 79 52 46 91 20 12 11 78 60 14 62 23 42 72 68 84 74
34 15 14 80 94 64 12 26 68 50 83 82 54 48 89 97 46 98 78 23 47 6 56 92 28 18 69 91 16 51 19 13 67 9 50 3 32 52 6 82 17 17 86 62 54 89 32 23 51 78 45 84 5 76 51 57 79 81 25 14 2 20 88 90
72 11 85 18 48 87 0 13 52 2 68 42 87 82 39 83 42 74 86 88 84 64 30 21 66 61 54 43 92 61 8 94 24 14 28 21 31 41 14 35 24 16 33 29 61 78 79 37 2 18 2 66 94 24 65 94 55 65 84 77 24 96 92 26
26 54 92 91 98 75 33 66 1 72 25 12 67 49 65 97 8 90 45 6 74 66 64 31 81 85 68 66 20 54 34 58 85 76 76 1 63 55 11 47 80 7 41 59 46 46 40 72 19 75 28 22 63 54 31 58 52 15 87 87 40 72 46 40
72 80 12 80 47 43 97 79 7 83 27 32 68 88 96 27 17 85 71 50 96 79 29 44 67 84 97 7 60 89 48 58 64 36 5 36 2 72 69 85 80 59 18 84 93 54 70 4 86 70 68 97 64 38 50 98 53 14 41 6 7 44 71 65
26 6 0 9 83 27 21 27 49 47 12 78 22 73 50 9 30 5 94 17 55 90 96 36 64 28 87 27 94 68 20 33 38 12 63 49 22 4 18 61 70 79 86 77 13 83 16 7 50 47 53 11 78 96 99 92 99 16 20 30 63 27 73 80
18 56 20 48 52 90 63 46 57 81 81 3 75 37 75 71 43 31 8 27 19 52 10 1 68 57 42 83 23 55 33 43 1 81 97 81 16 4 29 97 0 23 56 74 63 13 31 17 66 21 65 62 45 86 49 13 10 89 97 55 72 3 24 35
8 19 22 13 27 12 81 63 80 68 88 93 5 25 73 33 64 95 90 57 72 78 94 22 18 68 3 85 84 14 86 92 75 99 26 84 60 44 3 82 8 5 74 1 70 74 12 91 70 96 43 59 75 84 5 21 14 84 58 64 98 1 48 60
12 25 72 97 53 68 39 73 74 9 52 47 68 70 82 2 58 51 52 56 4 56 75 27 94 13 33 70 95 45 85 88 40 2 77 97 44 19 9 48 2 37 30 25 42 20 14 19 21 23 17 11 31 41 27 57 43 42 98 31 60 89 82 29
75 16 68 92 81 41 88 61 96 16 78 10 42 56 92 20 85 46 83 25 14 45 27 38 54 31 96 19 20 50 55 32 65 41 70 44 30 89 85 3 3 7 19 20 59 48 73 70 75 52 34 89 17 9 24 6 74 66 83 24 34 21 12 25
78 29 23 40 89 50 1 20 34 78 28 45 70 91 80 7 97 13 11 91 58 82 22 35 85 29 35 35 2 83 88 39 37 63 56 78 35 92 93 65 7 63 17 76 94 57 20 66 44 37 41 32 53 29 74 18 45 10 13 54 25 89 21 1
91 64 75 46 2 58 77 1 81 12 60 14 50 94 9 88 70 39 66 7 1 39 89 34 41 91 26 17 60 88 80 59 80 2 22 19 73 11 48 76 69 73 54 79 5 33 84 20 3 33 73 46 27 89 89 86 39 99 30 42 34 99 47 94
49 21 3 16 6 79 34 50 95 97 38 68 22 40 23 56 40 3 64 17 71 23 14 46 28 82 39 62 48 40 90 28 79 43 62 38 35 93 67 74 70 79 57 29 89 75 20 51 29 54 79 37 7 52 33 58 55 92 28 69 98 41 82 55
51 85 15 75 93 70 78 21 59 53 95 80 13 48 75 10 15 58 48 37 44 42 12 47 61 61 35 54 1 55 97 31 50 2 3 50 98 89 71 89 14 78 98 34 52 60 50 84 57 8 0 58 75 59 47 11 66 75 17 61 97 55 61 47
37 48 54 77 40 38 95 79 41 37 90 74 49 55 81 49 34 28 35 41 63 74 11 63 3 81 32 68 12 69 14 13 66 9 31 36 24 33 79 98 17 91 0 22 46 9 51 70 10 54 23 28 99 61 94 11 94 21 79 98 44 2 65 24
51 93 99 48 75 27 18 72 17 91 55 42 72 69 4 32 20 99 52 10 88 47 51 27 75 37 31 95 28 31 39 41 65 17 41 50 69 95 89 93 39 84 26 37 76 23 87 99 41 34 1 30 88 43 85 8 45 64 64 70 98 84 85 30
8 88 76 3 86 86 65 32 95 10 73 54 13 74 70 64 64 84 16 62 70 85 6 64 10 57 46 62 16 86 65 3 75 8 10 29 62 86 57 7 68 48 38 97 91 69 66 2 92 24 93 36 59 87 43 81 2 45 18 20 19 32 87 46
62 33 92 33 66 87 79 73 29 72 84 83 0 75 16 94 66 28 49 84 96 87 70 48 19 19 21 52 20 69 36 65 75 54 83 3 11 34 52 71 83 23 16 21 87 55 78 55 92 31 28 95 10 16 93 73 1 9 89 74 78 80 94 77
87 90 2 42 66 33 20 17 51 45 82 14 23 26 26 40 53 89 12 55 78 32 76 12 64 7 30 85 11 19 34 30 61 74 36 50 27 67 57 6 58 51 82 38 30 80 12 16 18 57 89 91 42 94 19 98 84 30 1 70 89 5 91 82
39 97 32 47 37 29 23 7 95 64 43 80 16 94 73 95 13 99 53 70 5 29 44 47 17 44 78 8 72 96 16 63 15 26 79 44 8 85 53 70 71 6 94 21 57 44 41 29 76 8 85 85 51 25 66 50 74 74 97 97 7 59 86 21
48 37 72 6 44 56 81 87 33 85 6 60 3 36 69 97 17 98 33 65 5 24 39 44 86 5 81 8 69 97 34 56 28 53 11 83 28 30 47 27 85 0 6 15 76 33 73 27 49 94 29 28 42 4 33 79 14 67 88 57 19 89 5 17
37 96 4 80 21 48 50 13 60 13 0 40 67 14 95 1 80 62 34 55 75 0 72 45 16 17 32 61 84 45 88 71 52 15 15 8 31 60 59 80 54 5 6 93 34 30 63 90 65 69 41 94 79 26 78 8 6 68 53 87 61 62 41 14
61 22 75 76 29 84 25 25 98 40 45 82 79 76 96 34 67 82 60 65 64 74 49 27 86 96 98 41 51 35 71 78 68 73 64 42 25 23 20 97 78 71 33 54 99 78 60 52 66 74 87 87 27 9 2 9 61 79 36 32 3 75 25 35
82 42 35 12 3 66 10 72 1 96 3 88 7 80 35 32 36 82 35 61 80 31 21 21 25 42 83 23 78 50 82 26 64 55 58 68 86 85 68 6 38 21 2 41 1 9 33 76 11 60 38 4 38 97 26 22 30 43 68 12 92 47 69 7
76 78 28 38 4 29 65 48 85 62 67 68 82 76 32 8 40 88 83 67 72 76 26 33 1 59 64 48 91 26 23 9 85 55 11 25 56 74 30 1 46 56 74 0 32 37 54 33 78 23 21 59 54 4 81 24 95 74 46 43 76 68 76 12
20 99 91 66 4 68 42 72 5 40 76 1 94 37 66 30 31 11 50 77 55 32 4 24 3 15 45 50 11 17 36 91 37 80 60 10 55 43 67 21 79 76 33 37 37 3 49 78 58 58 81 89 39 77 96 25 2 98 12 14 34 47 87 34
61 16 32 12 49 32 16 37 31 6 62 29 26 41 76 80 11 98 89 6 24 96 49 42 31 59 70 2 64 56 6 6 33 65 51 90 40 90 51 81 25 84 99 23 88 50 35 47 34 97 97 87 43 6 42 60 22 18 34 68 72 15 1 98
52 51 45 25 66 17 71 71 50 70 62 8 6 4 63 26 81 50 43 29 16 39 49 14 64 10 52 92 18 87 20 44 75 24 97 64 5 47 32 11 97 77 78 90 83 95 69 89 53 94 37 54 26 76 78 87 87 37 70 21 26 2 56 26
76 5 0 25 32 1 25 90 26 21 53 9 13 99 17 32 73 82 39 5 19 66 64 94 98 56 5 30 40 47 30 38 50 96 71 85 25 46 49 80 12 15 19 21 80 58 56 66 2 86 34 85 1 27 5 47 76 71 62 77 39 74 55 6
67 98 8 36 66 80 6 3 67 77 84 6 22 96 41 4 17 15 56 84 99 33 49 79 15 68 88 46 27 75 69 92 56 48 26 36 98 50 3 81 7 88 34 74 93 5 61 21 86 79 71 12 85 98 49 53 41 32 92 48 38 29 14 99
49 59 62 8 76 99 95 66 5 76 94 82 27 69 3 50 66 56 4 98 58 85 57 66 60 29 54 84 94 73 86 8 80 25 97 34 59 60 83 83 40 52 30 75 84 88 6 76 18 70 28 19 76 92 28 78 36 12 80 5 33 1 5 63
79 29 91 96 60 33 79 96 94 39 31 25 38 20 21 19 78 98 87 74 57 12 49 54 26 10 28 84 4 12 15 30 71 64 30 3 7 58 61 92 3 64 53 98 32 16 16 91 24 94 36 39 19 31 29 18 88 64 13 97 23 0 34 50
58 79 77 0 89 89 64 75 22 44 62 11 93 41 6 80 66 47 67 63 69 66 20 6 11 44 19 14 86 74 9 88 94 79 11 34 35 31 28 19 96 47 63 51 35 77 79 8 46 14 74 19 26 31 71 43 42 79 2 78 90 47 65 13
38 90 85 17 74 48 44 94 94 41 66 0 76 27 8 35 54 10 58 75 60 37 57 67 51 20 50 33 77 69 37 9 58 61 93 24 98 64 29 43 67 59 91 27 12 52 3 3 48 84 18 96 77 36 83 0 24 56 57 79 62 21 66 50
56 75 66 44 19 62 21 66 57 21 81 47 27 28 35 98 64 36 17 12 12 27 14 97 43 60 35 49 16 90 56 41 90 86 14 46 79 94 18 17 8 67 4 43 92 14 12 73 40 42 78 63 58 77 98 48 0 80 28 38 97 26 18 25
36 21 65 40 57 17 79 19 6 85 54 47 74 50 91 98 85 76 80 92 54 34 54 87 48 52 9 48 89 3 38 64 7 10 59 51 83 86 58 36 6 20 78 63 20 8 69 33 34 40 79 52 99 14 68 35 63 54 95 61 64 26 28 53
98 91 83 98 83 47 81 73 99 66 71 96 49 43 33 51 99 45 36 8 0 4 18 46 92 81 11 83 33 13 16 17 47 21 17 54 72 55 77 11 17 88 76 91 75 54 70 83 42 45 98 86 71 61 58 23 19 3 83 67 60 78 69 64
37 7 24 86 33 59 93 79 59 5 7 38 48 94 94 78 39 56 3 77 30 37 98 36 24 42 56 63 31 12 57 3 26 97 52 32 28 67 70 20 99 8 29 27 66 34 98 78 95 88 79 34 87 24 24 75 13 81 4 22 76 35 53 11
63 4 2 48 79 80 90 98 12 60 76 38 51 45 77 93 29 69 39 69 37 96 31 83 76 35 96 58 54 80 23 62 15 38 61 79 9 18 24 92 92 73 44 77 60 54 88 84 39 21 99 13 58 0 19 85 10 9 61 6 72 79 64 71
50 97 48 20 49 82 29 77 56 49 63 74 66 0 21 51 92 40 18 91 53 32 74 99 34 27 95 6 63 51 36 70 5 64 93 2 34 57 89 75 75 40 39 88 99 74 28 44 52 6 97 38 51 12 38 83 64 82 73 27 17 61 19 21
84 78 84 58 93 6 26 13 61 10 96 62 6 14 17 20 6 37 48 27 73 56 37 28 45 33 73 57 66 22 49 7 94 84 73 55 9 70 59 40 56 69 64 56 52 36 94 45 71 61 86 41 9 11 8 78 24 55 94 71 59 93 18 71
32 42 39 52 49 15 61 67 44 26 4 68 55 72 44 37 4 19 82 59 81 23 13 62 59 30 34 12 97 6 26 80 24 57 80 21 87 16 10 37 54 50 92 3 66 19 14 32 46 68 73 62 59 90 71 41 58 44 13 92 58 38 69 77
39 68 69 85 34 4 28 89 83 26 68 12 4 26 40 33 50 60 84 95 42 65 38 17 6 11 53 21 3 7 70 90 4 48 5 57 60 40 9 60 49 3 16 68 62 58 79 66 32 26 53 17 99 32 61 97 12 40 19 49 44 21 84 50
34 12 74 14 12 39 70 40 68 19 80 30 55 1 76 5 16 74 2 88 82 91 45 67 73 62 98 3 79 25 34 20 12 11 24 69 77 3 91 5 56 61 76 92 44 88 99 65 86 70 12 58 31 50 85 84 95 64 87 47 59 51 27 53
25 9 47 96 99 61 83 87 56 64 60 54 71 50 67 46 99 29 15 50 86 88 48 91 26 24 32 42 31 6 83 12 18 15 97 26 84 66 38 93 24 89 44 91 70 51 41 81 10 38 47 25 99 96 23 74 5 67 79 50 1 89 17 58
51 78 14 83 79 88 72 34 11 25 50 71 2 70 30 16 27 85 33 7 25 99 95 91 48 20 77 78 87 62 69 27 85 70 54 98 88 21 37 79 2 50 17 61 0 56 38 21 15 34 41 98 71 82 11 68 0 45 16 48 38 80 94 82
60 28 66 29 7 38 17 80 24 79 23 52 34 30 77 72 88 7 31 2 9 24 85 78 42 96 22 78 21 81 60 31 34 12 17 39 8 40 91 16 35 86 22 63 77 15 55 45 52 3 26 46 81 40 18 31 36 35 5 87 97 37 97 3
30 11 89 60 80 81 18 89 27 27 37 94 16 7 51 70 8 1 2 23 98 6 56 30 32 26 12 72 83 32 7 50 47 35 95 95 95 95 44 95 63 44 14 43 76 76 6 29 10 2 17 60 78 5 77 76 95 9 34 52 21 4 4 77
5 53 12 2 59 72 28 36 53 90 38 80 81 17 56 10 65 53 20 39 33 31 65 16 68 50 79 66 99 4 85 92 24 65 38 26 10 48 55 89 85 22 24 81 56 6 42 90 4 79 86 95 58 35 25 52 5 20 44 55 89 69 50 77
25 2 67 37 30 90 7 93 60 75 88 49 49 71 62 40 60 27 15 46 46 50 10 26 88 87 28 12 29 74 13 26 24 11 91 20 31 44 76 10 12 49 77 41 89 20 64 26 25 74 96 6 0 94 5 99 53 5 62 7 33 23 65 9
9 97 5 53 58 51 76 70 90 82 56 71 87 78 16 70 33 82 74 88 57 71 21 76 84 42 33 60 51 62 72 66 76 90 22 68 39 48 71 61 10 34 41 89 47 0 40 14 90 0 50 33 92 67 99 89 82 21 32 32 48 49 30 81
42 50 11 28 60 93 92 59 81 2 60 32 21 29 97 76 57 24 85 69 38 36 48 97 4 24 28 32 84 95 37 53 16 81 93 16 98 38 90 92 60 82 74 33 52 79 42 98 39 13 35 64 58 28 45 92 19 81 96 76 35 14 23 10
36 91 62 4 61 40 81 86 96 10 31 91 88 17 93 6 7 45 87 93 84 65 44 27 10 83 3 39 74 4 32 10 94 76 43 30 19 92 8 25 80 31 32 46 33 61 95 8 66 53 55 34 62 57 99 64 57 81 35 90 91 45 19 98
31 19 29 63 92 22 6 86 62 38 59 7 54 0 17 85 51 1 51 94 89 23 85 73 99 97 46 2 20 77 30 39 7 46 31 12 32 75 70 56 74 19 70 98 37 73 46 13 54 64 73 59 46 10 3 37 11 31 51 75 7 30 92 82
46 57 45 94 84 65 68 20 17 38 92 53 88 66 8 98 23 78 19 77 74 52 61 7 89 66 45 0 97 79 95 29 35 47 80 33 74 92 11 42 58 97 45 82 89 4 1 24 73 12 1 92 73 2 23 83 53 78 1 47 23 96 76 26
21 90 21 79 79 51 17 63 91 43 24 24 56 14 84 41 40 84 14 83 80 94 73 47 37 79 74 73 67 96 72 21 61 65 60 66 16 20 29 54 3 38 47 95 98 86 71 39 12 66 45 79 39 93 77 4 98 70 30 59 88 61 67 70
79 83 37 88 82 10 13 13 20 40 43 94 49 29 46 40 75 87 86 69 32 40 3 18 11 39 88 4 41 28 11 94 82 70 28 51 52 54 85 85 89 57 76 76 40 43 37 94 84 8 66 36 51 15 99 34 50 62 78 58 57 27 55 48
44 77 92 96 62 11 88 88 95 43 13 21 73 14 38 27 51 9 50 38 62 40 65 20 29 67 60 42 0 34 14 53 14 99 71 10 2 99 55 98 0 63 41 60 11 82 63 53 45 32 77 44 15 57 15 58 58 98 43 15 30 40 26 43
30 59 77 38 50 67 87 4 12 96 65 96 4 73 8 17 99 50 60 26 48 37 63 17 92 89 7 38 82 84 87 10 46 34 64 13 62 87 38 56 37 98 42 2 13 16 11 42 15 79 25 44 68 58 62 83 62 13 68 64 58 13 48 64
