5.84 89.11 25.67 46.99 38.38 60.99 69.6 16.67 9.69 16.7 35.33 72.04 0.0 93.53 31.53 32.99 61.79 92.7 47.97 42.63 98.05 39.18 95.51 83.62 97.6 17.07 5.26 0.64 72.97 3.88 92.91 13.01 4.88 95.94 76.57 12.67 45.28 78.19 3.95 44.44 16.98 22.32 95.52 77.05 25.51 56.68 46.69 85.79 98.99 14.9 66.75 89.78 25.93 58.36 92.7 29.4 41.1 13.57 26.09 28.99 27.95 7.3 81.31 23.81
96.24 43.17 33.7 10.27 67.22 88.64 71.95 29.04 26.27 69.16 84.73 26.89 16.04 74.36 86.12 30.23 27.45 36.47 22.35 25.09 99.45 44.17 76.48 35.78 69.95 81.27 84.83 84.58 10.99 41.82 50.05 65.81 19.72 54.83 45.35 20.12 17.5 39.27 60.19 54.31 13.16 81.81 48.96 61.48 80.35 33.96 59.11 26.32 88.28 31.46 60.32 36.54 81.38 37.17 9.2 22.5 98.22 75.86 58.69 65.99 38.27 73.36 9.76 43.51
40.84 19.66 80.66 70.52 2.91 79.67 26.26 17.68 53.03 59.89 26.55 74.46 43.2 89.45 9.33 46.78 56.77 29.71 63.2 4.2 33.55 53.56 40.47 10.75 93.01 11.39 37.57 42.22 57.25 81.5 0.94 92.64 18.9 61.06 51.64 96.1 55.78 4.3 77.16 72.98 42.01 44.93 46.5 69.02 68.55 37.27 54.75 75.94 23.55 81.67 27.45 66.37 50.15 87.25 32.61 67.02 7.74 9.73 55.66 14.82 16.81 72.97 53.34 74.99
55.69 3.35 20.06 26.01 78.16 28.66 2.45 56.27 54.19 52.07 86.98 92.09 99.16 54.5 5.45 96.69 98.61 79.24 96.93 30.25 58.83 74.29 76.68 66.41 19.55 19.26 72.81 36.62 36.65 56.81 18.2 4.8 17.09 79.35 93.21 91.99 78.68 32.27 2.74 57.14 24.25 26.05 14.4 84.39 89.57 19.96 74.09 26.59 37.43 56.77 94.57 87.71 88.61 73.92 21.02 58.16 13.13 81.13 80.65 28.62 50.29 82.87 69.48 11.17
73.23 1.53 30.53 24.12 80.65 52.19 18.52 10.78 69.63 73.16 80.05 6.38 59.79 10.9 23.6 15.58 48.44 53.83 5.08 82.59 94.01 57.56 28.19 95.07 77.84 67.63 10.99 5.38 40.78 74.27 98.15 26.78 63.46 2.69 14.01 68.84 89.53 76.3 35.39 54.43 8.36 68.37 9.96 49.72 54.04 53.87 73.33 90.26 21.75 55.75 32.01 54.55 56.65 95.48 97.86 82.17 81.48 26.28 53.77 44.48 57.07 15.51 3.13 82.19
32.84 89.7 70.81 75.07 59.38 42.72 30.64 57.51 19.6 48.63 63.23 42.23 90.27 57.2 69.86 59.04 91.93 81.24 7.74 55.67 62.7 95.32 77.69 87.26 26.85 14.32 12.22 1.07 46.04 45.83 93.78 43.72 80.99 92.5 10.89 9.07 98.9 70.28 88.8 8.2 92.16 22.51 93.53 70.36 91.21 17.12 68.97 67.79 16.2 90.52 8.44 2.15 23.34 79.23 19.66 46.79 35.79 17.46 85.0 35.58 36.12 15.63 47.27 97.24
6.54 84.21 75.84 60.44 43.41 44.46 91.73 59.4 31.94 63.41 78.73 46.4 62.24 47.92 18.82 41.13 79.79 79.61 89.54 89.19 26.62 59.14 56.28 1.01 25.4 72.92 80.67 94.63 67.29 0.45 50.13 65.65 23.55 37.61 19.18 41.33 80.78 39.28 21.78 0.12 85.71 51.18 23.74 57.07 49.23 77.52 58.74 81.17 13.84 54.61 37.22 3.63 7.67 93.26 37.1 51.95 53.19 89.68 81.91 12.02 40.31 16.6 66.63 50.11
24.39 70.15 58.64 53.3 39.99 48.94 51.07 34.32 47.64 92.37 24.78 99.34 37.33 39.84 41.67 94.19 7.54 2.79 33.55 33.44 38.79 45.27 67.4 46.94 47.62 43.2 81.59 29.66 94.57 18.03 18.46 78.91 71.88 41.03 87.88 60.97 26.95 47.05 8.77 78.51 54.25 30.8 89.0 47.27 86.18 86.95 88.99 89.39 85.92 3.92 63.97 94.05 82.9 92.32 68.61 24.78 49.17 36.13 53.62 97.48 88.84 62.05 10.88 83.73
75.93 83.72 4.9 52.24 48.63 97.66 31.38 48.77 76.65 90.99 44.46 2.14 6.66 36.53 71.15 74.39 38.75 22.39 99.62 33.22 47.08 88.94 81.32 92.8 64.92 89.22 30.24 94.49 74.26 40.47 58.98 38.46 91.22 45.13 8.45 24.92 42.49 99.15 97.19 79.82 7.14 60.04 23.78 76.44 26.65 87.0 77.12 95.22 23.82 34.14 31.45 52.07 47.58 73.42 21.71 53.41 15.34 63.97 51.31 11.58 5.97 76.83 18.65 31.82
23.57 96.25 98.66 94.48 80.47 75.57 10.87 91.4 14.74 25.22 48.39 21.06 90.35 72.35 89.89 37.65 65.81 88.7 74.0 28.9 78.82 81.74 21.9 22.57 15.48 49.76 58.53 69.08 96.84 53.45 36.56 21.88 89.32 91.46 6.69 75.58 1.11 76.19 96.96 65.09 16.6 59.47 68.36 80.94 8.54 47.57 15.92 49.59 16.92 1.6 84.69 49.9 58.53 99.43 53.75 24.7 69.55 51.69 91.96 27.21 48.92 35.56 47.59 55.14
62.22 2.59 54.98 64.94 87.73 27.75 27.2 79.22 72.16 28.98 68.59 70.46 68.44 32.08 21.4 24.08 94.84 4.82 3.23 18.26 59.23 97.81 22.05 63.86 76.62 45.78 90.49 77.14 92.15 28.69 69.41 4.05 81.37 28.98 86.92 33.4 20.05 9.97 51.09 85.83 59.74 10.5 29.36 46.53 75.78 50.02 96.02 39.79 46.92 71.73 21.46 1.69 44.17 78.82 74.36 92.83 26.95 95.57 44.93 37.3 76.02 5.06 54.26 17.22
95.55 86.02 80.81 3.9 92.56 43.9 96.67 24.25 82.63 17.78 93.11 6.28 70.97 14.87 62.14 31.09 62.51 84.99 8.85 8.05 1.73 79.92 3.41 50.44 60.87 74.06 87.94 87.78 49.84 59.49 51.35 13.15 71.09 52.21 71.26 20.43 44.32 46.67 76.17 50.21 48.39 24.62 83.92 98.82 52.56 26.35 13.59 96.32 42.95 62.33 22.43 29.93 50.54 68.74 25.43 3.39 4.46 6.72 50.28 6.14 27.04 73.89 86.08 21.89
54.99 60.52 73.39 33.98 59.4 39.98 38.51 76.57 75.94 76.1 29.73 14.65 13.4 17.59 10.93 78.02 87.22 13.68 27.95 58.51 43.2 87.84 37.35 70.92 86.53 40.43 50.28 92.96 69.33 12.74 7.85 29.37 85.61 15.61 57.42 58.94 9.61 87.69 47.27 48.84 51.99 92.71 63.23 90.81 61.36 44.28 52.18 60.55 87.2 83.57 59.66 69.93 0.13 78.84 52.8 14.83 54.27 96.49 87.7 74.48 81.47 58.37 18.59 88.77
41.54 67.24 96.08 0.01 19.2 22.99 46.51 65.8 12.22 17.24 46.69 29.1 60.36 44.69 30.45 59.33 97.95 99.34 5.91 64.67 38.31 33.45 10.73 84.93 59.9 45.79 2.41 93.45 8.5 24.09 1.49 75.19 39.13 0.62 33.99 65.11 9.13 33.64 26.32 33.79 47.01 19.19 74.83 99.69 19.4 80.37 71.53 80.86 26.02 52.7 62.69 26.81 3.08 17.33 64.15 6.63 43.68 75.89 44.37 95.5 62.25 87.76 1.37 33.74
17.67 91.99 56.75 66.2 8.32 32.45 48.31 84.92 22.35 14.56 32.96 22.29 31.19 81.3 44.53 90.06 72.81 28.8 53.04 21.36 32.73 77.83 87.73 76.06 25.5 41.01 25.21 35.12 74.13 70.98 76.92 36.21 48.92 95.87 6.75 40.21 82.98 23.57 60.09 34.6 97.23 60.63 8.13 54.19 38.64 51.67 95.72 30.76 55.11 24.17 53.61 23.42 30.28 37.91 93.72 31.67 71.89 34.96 49.17 12.32 80.1 19.66 1.41 11.98
84.36 1.59 78.74 40.79 68.07 51.6 7.92 84.9 77.36 44.58 18.0 9.24 37.35 99.45 51.78 14.25 87.47 44.05 41.18 17.98 31.06 15.7 83.28 33.91 87.53 1.73 15.44 77.44 85.83 14.81 77.43 16.04 11.6 87.67 79.34 88.23 86.1 84.65 60.68 28.26 94.38 68.23 24.4 53.93 27.5 4.73 40.08 89.45 50.91 14.56 30.89 55.95 51.65 35.57 12.2 30.07 26.15 34.93 91.82 19.32 39.24 93.14 44.89 81.68
43.26 20.53 74.13 27.73 38.5 32.23 27.2 57.52 47.26 39.63 47.58 56.15 72.68 18.45 30.48 91.02 20.17 70.9 80.69 80.49 20.8 5.13 59.05 20.3 5.59 13.13 86.57 83.67 55.8 3.51 22.08 89.45 45.11 90.65 77.79 11.27 48.46 21.22 50.5 60.96 48.39 36.63 16.89 47.63 90.85 33.39 9.83 34.59 33.34 95.56 14.27 64.71 89.39 45.5 99.96 18.34 37.47 44.75 13.17 28.08 51.47 90.51 24.81 93.42
71.02 74.0 81.23 55.44 12.66 73.36 38.71 33.98 31.1 87.99 35.39 86.08 49.81 66.61 86.9 75.23 31.4 72.46 76.84 88.32 68.22 68.2 37.91 89.95 55.41 41.4 67.66 9.81 13.97 46.09 99.76 14.63 60.13 66.94 12.93 84.28 43.29 8.38 27.53 53.34 24.81 18.61 57.23 6.39 89.94 25.86 23.61 94.49 62.6 17.32 98.68 2.95 68.16 73.41 42.59 26.14 99.91 93.1 29.02 2.95 64.74 21.94 58.89 9.66
7.39 87.54 51.92 72.77 32.72 3.1 3.9 33.08 57.21 38.59 4.3 67.38 99.86 97.38 45.14 78.81 86.08 47.81 31.8 19.52 17.66 29.85 44.2 81.39 1.24 25.46 97.47 42.09 88.12 41.36 99.53 35.03 1.78 71.32 42.34 10.09 87.43 55.53 33.57 35.49 21.31 13.05 59.12 35.44 28.04 36.68 51.43 76.7 8.92 35.49 15.49 47.39 17.51 27.32 59.74 48.46 87.42 70.02 99.78 60.97 44.51 51.92 72.07 68.78
12.96 55.16 31.7 32.23 52.76 28.8 90.41 5.33 55.54 42.16 13.46 43.41 56.58 4.47 54.5 98.19 56.92 87.17 43.55 97.03 10.14 8.78 43.4 51.95 52.9 24.03 54.63 59.44 0.69 29.2 58.85 91.76 65.84 6.37 24.12 41.26 1.26 40.31 83.7 1.91 8.27 39.88 40.23 48.33 44.86 53.81 49.21 93.4 93.05 58.59 28.75 37.02 5.93 37.33 23.96 11.1 40.46 93.5 57.39 65.55 69.82 40.14 97.04 38.85
30.61 18.11 55.19 56.06 13.17 74.92 41.66 55.98 94.29 65.51 42.91 79.29 67.44 20.0 95.72 48.81 19.23 48.0 33.31 41.72 60.48 83.6 29.04 54.36 68.92 39.64 29.49 53.48 10.66 75.53 46.37 17.69 96.54 87.9 69.28 31.18 44.87 13.18 91.3 60.83 73.8 91.63 56.55 56.73 34.28 9.94 25.69 41.72 25.24 48.27 97.36 89.58 83.88 56.9 1.95 77.57 18.37 50.38 21.53 91.66 83.37 41.11 23.96 60.99
91.08 98.74 89.19 93.93 97.56 86.66 3.22 29.47 80.93 12.29 70.29 18.4 37.27 11.02 63.73 40.36 3.24 29.52 73.54 71.06 63.36 73.43 59.75 17.77 82.79 99.62 29.31 56.22 91.0 53.85 94.46 20.14 18.98 92.37 84.9 38.43 44.09 48.6 23.54 13.68 11.55 24.59 71.01 23.83 15.88 5.35 55.65 58.63 61.32 77.75 88.31 95.74 88.52 80.96 36.0 81.09 56.97 83.01 48.56 38.55 22.13 42.33 36.0 25.57
50.9 4.68 65.41 0.84 45.81 93.01 61.96 40.72 19.58 26.8 59.67 59.67 73.14 69.02 23.95 33.36 10.04 58.07 84.63 75.03 81.05 40.92 98.5 85.78 27.75 30.96 82.69 98.32 86.54 87.89 20.22 46.7 82.56 78.56 73.12 71.07 56.84 43.05 44.65 99.91 80.32 63.09 72.49 23.25 93.14 0.66 52.7 79.77 9.77 67.01 54.49 7.39 43.65 47.36 14.86 83.4 78.34 32.11 25.99 5.84 85.86 99.04 19.07 97.08
68.29 0.6 44.41 94.57 89.27 32.36 74.21 44.56 68.38 91.77 45.5 2.64 5.79 56.31 54.32 41.67 69.23 89.02 65.67 69.53 16.46 1.93 82.16 70.87 49.52 20.36 83.5 73.18 79.25 54.9 63.6 27.13 0.01 71.85 65.12 96.34 74.59 81.26 29.84 55.22 23.16 96.69 85.15 32.67 16.29 10.96 45.07 62.51 4.68 18.04 94.99 73.05 31.82 94.96 86.69 59.37 55.68 31.59 56.64 53.05 9.27 27.46 65.91 63.44
44.28 33.3 51.14 61.12 82.56 35.71 3.21 52.94 9.95 27.48 58.75 52.56 20.2 54.95 32.45 86.37 22.07 76.07 25.66 69.36 1.59 45.04 74.85 31.73 58.1 93.03 30.91 11.02 44.76 92.82 1.3 49.56 70.87 63.63 32.39 8.79 9.34 55.35 56.87 45.7 68.7 99.61 18.05 66.78 95.44 38.86 95.52 49.37 13.05 50.21 48.57 54.37 65.34 75.07 65.97 62.83 53.22 96.12 59.51 41.02 15.67 20.74 68.84 78.78
26.65 40.09 40.66 78.38 40.71 52.5 17.72 10.15 18.69 36.61 14.5 80.2 84.48 6.25 86.12 71.75 88.88 71.24 20.47 92.14 56.8 0.92 77.53 19.17 62.86 87.5 44.88 31.15 38.87 43.04 51.17 48.39 36.81 40.13 4.46 97.01 98.75 82.45 24.45 71.34 43.65 80.84 87.68 95.97 30.34 51.32 98.33 92.56 80.31 69.46 76.56 29.36 9.74 57.66 71.36 99.74 76.72 98.12 47.4 52.68 61.17 89.2 3.43 96.2
34.44 28.36 10.61 23.72 94.37 71.96 88.83 78.08 1.06 67.69 58.04 12.03 75.87 77.13 59.94 31.11 30.43 55.49 58.44 85.67 85.46 57.11 57.48 34.78 57.95 4.7 15.88 93.18 12.87 91.48 57.0 83.3 14.1 64.71 11.46 81.73 13.7 37.51 97.49 70.45 15.58 16.69 12.92 40.66 71.71 70.95 86.19 73.83 28.13 65.15 81.04 66.35 47.97 83.54 74.31 96.16 4.27 61.24 97.75 63.77 42.94 96.69 88.1 96.06
29.03 69.32 22.49 53.97 60.82 23.12 90.16 11.7 68.61 29.04 24.2 66.73 92.54 8.85 29.4 10.35 58.57 61.15 77.84 52.19 41.44 41.72 31.91 71.68 38.92 17.96 88.74 31.46 21.51 32.9 17.46 12.15 22.04 15.18 4.67 19.81 99.67 10.16 79.23 41.61 55.9 79.24 96.18 3.42 5.71 35.67 33.05 22.03 96.65 5.91 30.11 7.85 73.31 85.41 48.26 18.7 30.65 72.71 58.75 12.58 84.08 25.6 13.87 75.56
30.11 36.97 46.29 11.9 0.71 78.38 66.28 91.05 63.43 76.56 84.1 75.29 84.64 88.32 81.23 38.69 52.46 9.02 52.38 64.85 54.43 6.89 55.36 51.12 75.19 86.88 3.62 43.96 38.08 77.39 74.07 96.96 96.89 88.56 53.56 65.81 25.85 0.49 53.08 6.85 96.03 48.98 20.07 80.22 38.68 30.12 48.82 29.91 99.63 65.23 33.34 10.58 7.92 23.89 78.27 49.35 26.87 5.7 4.09 75.79 35.1 38.24 16.73 64.66
66.32 82.7 94.63 61.5 82.58 93.81 12.0 95.27 37.2 11.81 74.15 82.05 27.0 89.42 20.22 16.91 11.85 6.19 35.95 53.4 67.72 48.82 50.77 37.95 24.24 54.33 6.07 6.27 95.02 82.99 36.75 22.23 43.98 17.11 31.3 11.05 61.02 83.05 46.58 13.14 88.46 61.94 24.43 33.35 80.36 16.74 35.62 15.6 77.11 78.88 90.35 9.08 54.75 83.04 96.34 18.45 94.18 54.59 90.12 83.94 65.54 93.23 62.86 99.55
5.44 88.0 50.52 95.25 92.26 69.98 39.04 17.31 11.72 15.38 58.79 36.95 65.57 49.84 77.72 65.38 73.34 54.19 1.44 70.95 6.91 56.01 84.88 89.41 10.45 3.54 73.89 12.17 92.84 71.92 85.05 56.55 29.78 95.19 62.86 20.41 74.28 22.45 67.73 88.75 86.89 79.63 95.38 3.22 98.97 89.81 63.2 17.51 26.4 59.08 55.71 96.89 90.41 89.69 90.62 70.9 36.47 4.62 88.3 34.99 19.1 74.83 29.35 52.39
87.52 52.67 72.22 32.47 32.78 77.94 16.43 62.33 30.79 92.11 96.94 66.9 64.66 71.51 51.23 13.75 40.61 9.17 83.3 78.36 63.88 15.46 16.78 34.89 61.12 86.64 78.2 95.69 92.04 41.59 69.94 84.78 17.42 5.87 28.21 22.81 47.77 56.14 24.5 35.13 54.85 4.6 74.03 17.05 23.7 32.66 21.29 99.49 29.59 51.69 28.82 24.32 33.9 10.5 88.02 8.34 57.14 42.99 77.07 41.89 15.45 84.69 17.96 76.2
98.66 63.76 4.05 6.53 94.24 98.07 20.03 88.48 13.39 43.33 2.2 97.37 24.45 63.86 61.55 12.9 6.91 5.26 60.89 52.7 87.02 16.97 79.35 36.31 44.93 75.25 4.21 30.67 95.22 12.44 57.43 73.37 12.78 76.13 95.23 39.32 95.13 73.36 43.31 47.57 91.73 10.53 62.96 24.21 87.21 89.04 23.08 97.5 22.29 82.94 85.29 78.11 7.33 87.27 25.43 10.27 72.71 7.87 60.81 61.9 60.37 97.18 44.98 7.21
77.75 17.89 21.19 86.21 13.96 59.65 16.55 63.51 61.09 53.94 43.03 13.08 2.15 6.79 25.89 51.57 71.22 9.08 61.48 47.61 59.79 18.71 46.44 66.62 7.88 38.33 15.0 98.79 54.25 80.29 46.86 92.08 34.3 42.74 65.74 37.53 95.23 44.27 8.33 9.09 70.45 99.11 90.13 79.21 72.74 7.26 45.89 47.7 99.3 64.87 13.73 55.08 27.07 68.03 68.24 44.27 60.7 59.8 32.73 11.37 0.07 39.09 16.61 15.94
34.86 60.54 60.95 5.35 39.32 0.72 7.29 49.09 25.48 13.91 61.82 47.02 47.96 90.16 65.48 97.82 77.88 27.15 72.79 23.39 63.77 67.64 27.04 83.36 20.15 92.06 7.25 16.43 6.38 37.6 84.48 35.5 39.52 77.93 70.33 87.49 2.19 49.04 75.52 98.77 94.07 32.19 44.65 75.41 48.94 47.04 85.55 38.69 15.9 16.46 13.81 8.23 22.81 13.16 80.99 78.37 90.35 7.6 19.54 65.2 39.28 75.2 66.96 6.27
33.72 4.58 84.26 67.67 56.02 80.2 44.84 50.26 25.67 66.22 88.18 57.62 49.11 17.1 80.4 67.24 58.41 57.38 35.7 78.89 59.63 65.9 66.3 56.47 36.73 9.1 72.64 11.7 90.79 73.08 94.97 93.4 13.12 69.67 95.39 78.69 14.88 42.05 14.21 30.64 23.0 92.15 55.05 68.54 65.73 42.29 95.5 19.25 65.77 26.73 86.24 49.74 27.12 71.06 46.74 47.14 46.42 33.25 13.25 16.09 70.55 95.54 39.33 37.35
81.31 16.73 33.22 55.28 16.2 90.53 33.3 31.08 1.35 23.6 77.04 64.67 95.23 52.01 57.62 95.6 92.01 36.45 61.38 32.0 77.56 41.27 36.01 65.74 42.84 53.31 21.74 27.35 44.71 25.7 67.59 17.37 57.14 97.53 51.37 83.29 71.76 67.87 30.83 78.46 7.42 82.36 70.52 73.02 13.86 42.22 27.0 94.96 80.63 88.89 47.63 16.38 15.49 81.29 75.97 85.99 6.06 90.27 34.27 50.56 58.89 57.67 41.11 20.3
61.46 74.96 69.78 99.2 87.05 83.47 25.07 95.06 23.91 32.88 88.98 71.14 94.31 16.38 92.05 31.42 75.75 2.32 88.14 80.68 74.51 71.6 91.34 1.68 35.11 22.91 73.35 46.92 87.64 6.24 83.91 94.66 1.41 35.11 90.35 17.17 20.68 69.04 75.73 4.25 74.68 10.18 96.48 42.34 69.03 71.19 24.81 64.68 35.56 2.73 33.55 67.07 86.27 30.57 22.4 26.1 97.79 12.22 5.55 63.22 51.45 59.36 97.91 50.91
49.83 10.23 32.97 68.9 79.17 24.49 96.39 86.05 17.5 98.99 67.59 25.0 41.68 51.12 77.16 46.4 21.85 9.57 0.58 93.75 69.9 50.32 70.21 51.96 30.79 57.31 11.74 63.92 16.91 38.11 93.79 57.94 78.85 57.49 1.95 43.31 4.3 52.29 45.29 55.29 12.55 48.46 93.34 61.62 77.14 38.31 37.68 21.22 23.75 61.82 38.89 62.4 63.07 56.07 28.43 36.82 84.69 38.02 69.72 38.85 89.24 0.22 58.86 94.84
0.06 37.55 18.48 62.18 80.08 92.0 64.24 84.74 55.43 51.09 34.5 12.06 65.98 60.0 42.63 60.77 8.61 92.85 48.56 1.64 65.19 19.98 30.09 35.0 17.71 92.83 33.44 34.12 83.71 35.62 93.32 35.93 43.71 34.56 59.19 92.95 72.63 45.54 5.61 54.99 32.08 92.04 17.14 43.14 1.67 93.97 30.32 76.84 24.57 43.26 92.67 46.85 53.48 43.8 90.16 24.01 4.38 8.59 61.69 24.01 88.07 85.23 21.76 58.51
78.29 27.24 72.31 38.68 0.32 60.59 53.09 98.6 46.36 19.54 19.03 47.02 64.61 94.33 54.38 15.67 38.22 79.34 91.9 26.03 67.26 64.5 43.49 64.07 38.34 29.17 63.51 38.73 45.85 31.39 56.85 48.51 3.42 24.82 1.91 12.03 62.44 37.28 43.99 84.75 52.66 14.3 8.51 6.47 69.46 68.85 13.21 44.3 17.45 4.73 23.94 26.27 71.21 89.05 44.26 72.51 23.83 37.64 64.04 19.1 17.9 94.17 58.88 43.23
81.19 13.96 55.39 33.61 20.82 74.32 11.37 29.66 59.95 12.96 60.05 59.77 89.97 16.75 20.5 32.98 39.67 21.92 96.91 30.36 83.53 55.03 98.12 85.47 87.21 1.56 69.06 63.39 49.08 32.95 15.55 75.27 57.31 23.89 0.31 83.35 44.42 48.68 2.17 22.3 33.63 56.0 88.13 64.72 12.07 74.15 13.73 26.05 7.21 39.85 85.13 39.5 52.5 51.58 8.25 17.85 78.03 30.49 16.81 92.43 63.44 87.83 28.68 85.46
93.26 39.47 7.35 48.49 51.75 17.48 29.79 75.26 53.62 8.68 61.64 22.56 36.45 99.63 19.5 25.14 86.1 50.21 44.14 46.36 5.32 82.28 70.84 43.34 88.56 2.21 49.35 80.54 15.2 86.5 97.35 14.17 86.93 24.38 80.29 47.6 65.15 65.38 81.73 94.63 92.33 70.7 35.24 87.16 28.43 98.53 31.14 94.96 58.29 55.31 20.56 97.8 49.09 55.56 55.31 61.95 6.61 76.22 11.04 44.63 11.79 50.42 9.77 70.25
70.33 36.53 18.37 40.94 61.93 16.92 12.73 65.09 34.74 61.82 90.2 28.64 83.96 17.3 63.42 67.61 2.84 60.55 89.5 32.42 64.1 34.06 72.07 72.38 58.52 22.16 80.98 10.89 86.37 40.25 20.59 37.59 16.47 70.7 10.72 47.97 17.37 58.5 13.22 2.35 51.53 52.99 64.25 88.95 99.77 1.62 56.17 29.73 9.67 34.24 79.84 51.47 90.56 1.12 48.98 4.81 58.22 65.53 8.38 51.93 52.18 27.93 44.47 33.5
89.06 50.62 38.07 27.67 76.91 89.2 37.36 46.46 42.02 70.63 47.62 52.32 4.68 57.66 64.73 5.94 24.85 21.65 42.46 39.79 8.53 49.86 94.81 19.64 59.21 50.06 11.44 12.01 52.63 98.05 59.96 27.77 31.95 4.59 30.34 72.71 76.46 29.64 3.99 33.87 24.96 88.75 70.23 8.43 49.1 1.97 14.83 3.86 64.93 65.84 42.3 83.2 88.76 17.89 5.89 51.74 17.32 70.98 67.9 76.67 78.7 86.8 43.66 54.54
28.57 4.88 7.62 11.3 25.02 25.48 23.53 70.48 90.06 73.45 86.9 63.89 99.08 4.71 20.72 49.16 44.46 73.88 3.72 6.7 51.16 87.88 96.14 91.66 37.03 63.22 7.75 22.17 68.27 70.86 8.75 42.58 39.62 31.38 97.54 2.44 13.76 55.3 81.69 63.24 81.24 0.32 18.83 78.49 88.69 50.0 62.37 24.99 51.54 16.06 98.82 80.69 31.68 24.31 66.49 86.21 15.78 41.18 13.86 21.29 67.12 79.81 64.83 78.01
31.18 85.58 70.77 67.45 58.36 31.51 98.65 4.56 51.71 80.86 23.24 1.32 65.77 62.98 82.97 81.53 24.64 0.36 0.96 65.44 65.37 90.19 42.89 75.35 49.48 23.65 41.51 86.82 96.5 67.48 60.99 88.85 93.34 4.71 86.74 67.64 90.46 57.17 61.2 6.82 76.13 83.14 36.27 28.69 59.53 96.02 27.43 96.86 71.34 0.36 37.07 97.87 7.16 98.32 90.03 69.93 41.81 92.4 1.16 97.38 31.21 2.63 56.12 12.9
50.01 45.28 83.32 84.95 40.98 94.4 4.44 54.72 18.93 48.68 8.25 68.03 75.25 45.73 14.06 7.79 32.57 1.65 41.31 20.35 80.87 15.03 7.81 52.07 25.87 43.7 66.11 5.72 40.23 34.05 81.44 10.27 40.0 22.28 25.18 67.81 55.12 87.38 96.12 64.87 47.3 97.76 69.97 51.53 53.18 68.84 19.22 67.78 33.75 70.78 97.56 85.71 94.31 40.41 24.43 76.77 68.3 54.63 36.35 40.91 24.26 59.39 7.66 25.33
93.5 76.63 66.97 5.09 61.97 95.94 79.74 65.85 25.77 90.91 66.89 94.96 12.3 25.17 19.96 27.22 94.44 5.92 86.75 4.86 33.58 88.97 10.43 30.88 53.15 23.55 5.2 88.58 5.84 5.24 92.67 92.2 94.04 61.79 79.24 25.12 74.73 80.42 58.62 95.33 91.73 12.47 76.81 7.93 72.81 67.96 16.47 29.4 65.45 14.45 43.14 45.79 22.35 86.65 31.03 57.16 22.53 81.46 17.4 39.07 15.12 40.33 8.4 32.95
61.38 44.75 7.81 87.8 52.26 82.48 20.14 19.04 61.23 91.09 75.39 2.17 68.45 35.77 15.19 68.23 75.84 27.71 59.66 94.53 10.41 48.14 65.49 48.68 75.18 94.4 20.11 27.67 35.73 12.64 70.23 43.5 78.1 41.82 18.59 64.47 29.1 40.89 65.47 96.2 46.09 57.25 29.52 77.37 5.52 78.61 58.64 64.67 58.04 69.35 0.99 27.59 82.05 12.97 43.13 23.12 19.47 26.27 16.62 8.26 95.56 70.18 24.06 44.72
54.39 52.85 42.09 81.47 84.0 69.55 55.54 29.66 43.42 93.57 99.67 44.9 48.53 11.21 22.66 42.14 63.0 22.51 4.61 91.18 48.82 20.32 27.75 58.05 48.19 59.47 6.18 83.31 24.22 53.15 24.91 58.4 59.96 11.66 16.88 5.43 33.68 57.25 19.97 53.44 82.52 60.76 97.84 12.4 47.42 28.97 95.6 11.11 59.13 62.7 19.71 82.64 55.76 97.91 75.08 27.43 42.08 87.79 78.98 56.95 27.49 23.61 80.86 35.39
94.69 55.97 72.56 21.74 68.32 88.47 56.46 97.01 18.95 21.73 35.59 16.36 1.16 83.37 16.88 47.37 91.45 33.3 44.18 43.36 55.0 20.94 68.5 66.57 84.05 50.36 40.47 99.53 57.16 3.33 99.1 90.85 50.65 86.0 32.09 21.77 24.12 16.5 89.45 66.02 63.39 7.59 54.54 62.89 11.48 41.68 56.32 96.46 3.36 55.08 20.16 65.94 56.45 90.2 25.28 5.58 91.33 46.06 64.83 35.87 72.84 49.35 53.49 23.29
38.07 43.48 73.04 75.24 64.22 39.57 24.19 77.53 77.92 55.65 77.56 22.61 96.71 88.21 20.89 86.86 71.37 58.67 9.95 39.16 84.29 57.37 7.25 61.04 37.79 67.07 53.81 80.23 42.54 80.68 97.55 52.71 89.27 83.06 85.43 32.96 36.14 91.22 1.03 52.46 56.98 92.15 21.02 91.12 4.63 3.84 77.46 16.22 58.51 48.04 35.39 14.9 19.29 51.38 21.56 14.3 8.72 29.85 15.28 93.11 84.89 98.31 6.51 21.79
73.34 20.55 4.25 27.59 72.43 99.03 78.58 76.39 70.65 0.06 70.03 34.05 92.01 43.72 54.53 14.41 17.94 56.4 22.1 72.43 8.24 74.61 49.6 23.67 14.68 63.78 15.27 17.28 46.45 51.65 62.37 58.3 61.77 90.95 79.61 52.2 16.2 83.64 70.25 17.79 17.52 95.03 99.92 21.77 5.26 68.26 10.9 85.23 2.83 38.64 93.4 50.54 99.58 5.39 23.44 33.68 38.56 20.25 29.9 63.74 99.18 14.38 11.61 39.03
84.77 39.56 23.63 14.34 49.28 71.71 14.9 71.7 36.2 87.53 68.95 22.1 12.61 19.62 22.21 98.55 53.28 78.45 18.08 31.99 88.73 28.43 13.79 99.81 27.35 33.37 29.69 8.04 47.83 40.02 38.49 31.05 66.42 1.18 41.83 32.91 27.31 27.96 41.67 89.98 52.04 67.88 12.01 65.85 65.44 95.01 64.59 42.72 10.61 21.4 41.91 19.57 42.5 3.09 98.18 45.87 69.38 40.52 6.24 99.3 76.24 17.17 82.41 22.2
64.41 55.79 36.02 59.18 22.75 60.26 56.84 98.05 9.82 62.1 86.89 40.84 73.88 10.02 57.54 53.54 10.83 52.68 29.99 34.12 35.94 63.76 28.52 32.28 99.74 57.19 57.27 67.2 8.03 52.86 12.68 26.86 1.17 61.96 18.6 28.11 29.7 8.04 53.94 73.0 91.22 54.57 85.77 70.57 9.19 87.47 90.96 21.42 38.11 95.17 88.54 84.46 6.83 97.18 35.42 69.97 99.14 22.43 71.94 44.54 9.68 66.21 18.94 40.0
83.32 69.27 67.94 74.81 67.49 41.47 6.94 71.79 49.73 2.23 95.85 83.87 13.15 99.47 93.38 41.23 96.01 92.29 27.6 52.91 46.57 64.46 69.97 64.26 10.13 99.66 98.39 26.16 18.75 21.14 62.0 52.13 78.5 39.5 63.5 25.33 99.45 27.1 24.77 80.61 56.8 15.37 2.79 18.49 12.89 91.48 7.32 19.6 37.79 60.76 32.0 29.4 0.34 67.94 18.58 46.01 65.35 93.89 92.73 45.29 58.82 24.94 69.49 79.91
54.78 64.58 45.14 44.08 26.45 87.69 49.93 72.01 48.06 49.7 91.2 98.44 66.69 33.17 36.1 76.36 16.2 30.97 49.56 33.81 51.47 71.65 52.78 38.95 50.4 38.03 52.67 77.38 87.13 28.74 82.76 61.33 10.64 85.42 1.82 71.09 51.84 38.73 15.56 37.5 59.37 76.22 33.35 43.63 76.29 23.41 44.14 26.75 69.65 96.86 60.21 55.14 24.66 46.13 90.63 72.09 69.74 54.62 33.31 61.7 29.27 34.76 47.81 29.71
18.66 49.26 68.6 19.92 80.77 19.44 88.25 35.59 57.28 61.47 17.34 40.5 55.42 16.28 21.67 77.26 48.89 81.21 66.41 97.54 14.47 88.95 62.69 7.83 63.58 48.13 52.71 30.98 31.84 39.43 60.28 28.73 55.92 29.28 23.7 21.86 64.21 13.49 9.57 9.72 66.47 20.6 36.26 64.41 64.78 67.76 6.57 72.8 48.37 80.48 31.81 81.8 14.74 97.43 74.26 97.27 95.4 91.7 87.88 49.42 24.05 91.49 29.15 90.66
57.22 36.58 22.57 71.71 73.22 48.85 5.7 87.74 47.25 69.85 82.31 93.78 17.74 85.07 61.63 45.27 19.21 2.17 4.33 88.69 94.31 42.09 87.9 33.16 85.05 62.37 72.25 48.87 84.67 26.79 71.32 51.4 49.43 18.89 74.44 65.79 27.76 83.03 14.56 12.29 8.59 17.14 45.66 96.67 4.04 1.36 17.42 1.63 46.32 76.5 15.77 24.74 90.71 38.16 10.57 55.9 19.96 54.26 67.19 87.62 6.29 84.34 53.36 63.56
47.21 99.79 81.23 11.78 48.94 7.6 88.01 82.85 27.99 23.79 74.07 23.16 61.24 74.96 62.49 18.76 65.85 46.96 76.38 45.91 37.38 36.68 54.6 47.37 58.46 31.22 88.24 76.2 12.2 98.95 28.38 76.2 64.89 23.0 57.38 69.02 43.01 45.82 28.49 99.3 96.87 76.71 40.0 63.32 95.93 79.74 15.56 75.43 38.77 64.07 43.81 26.4 33.16 53.53 43.78 51.07 75.26 77.57 72.43 23.92 37.24 10.64 53.88 48.69
27.3 32.31 65.57 62.55 6.36 8.34 31.97 5.78 60.67 8.74 59.72 2.0 2.06 61.44 8.54 57.8 86.42 79.17 87.71 72.53 33.45 72.74 17.75 8.55 5.18 17.24 64.57 74.54 10.27 5.95 60.17 34.95 60.0 82.52 20.18 90.26 25.96 21.3 44.94 21.91 28.32 79.84 69.06 20.73 55.82 70.53 1.91 59.59 35.21 13.38 7.25 27.06 33.21 42.84 77.73 43.18 54.25 14.27 56.2 66.7 66.11 94.98 99.65 84.73
81.57 88.82 55.41 12.74 70.7 45.16 0.93 69.42 69.02 27.85 27.62 45.96 84.91 58.76 72.21 57.97 11.65 16.13 88.07 0.16 20.85 67.24 0.26 76.45 84.06 46.67 26.14 69.34 34.73 42.28 58.51 25.55 66.99 3.04 1.32 79.23 55.52 12.91 10.1 89.46 5.93 39.15 87.1 54.27 20.42 11.29 92.26 91.87 53.9 39.05 3.41 88.6 61.48 66.84 40.11 55.85 74.37 5.52 36.61 11.23 6.9 13.78 59.64 99.1
26.01 95.57 45.53 86.45 2.07 7.96 4.67 76.83 60.86 75.81 14.58 3.88 69.96 67.61 13.18 58.1 79.46 9.34 88.34 16.04 88.45 20.85 75.26 56.43 92.77 35.28 61.34 95.62 85.97 7.99 14.3 37.4 85.64 67.09 21.61 82.3 49.44 59.08 73.63 92.11 66.69 86.33 47.21 82.93 18.9 30.63 83.0 41.52 63.19 77.27 10.17 44.47 68.41 63.02 89.92 38.87 24.54 18.59 32.76 58.05 55.84 74.12 44.3 1.87
