33.65 19.58 15.58 0.67 73.73 71.44 34.56 54.81 29.64 25.78 71.10 58.33 98.04 63.96 17.73 63.10 9.64 64.88 64.16 11.22 68.80 90.19 21.67 66.45 72.22 74.79 4.58 99.31 43.99 39.77 68.60 75.33 27.95 58.55 69.19 18.18 24.52 25.42 95.57 33.46 73.64 57.57 25.05 77.20 96.26 20.58 4.50 91.19 62.92 26.08 47.20 20.80 98.35 94.37 87.47 82.80 30.22 52.73 40.73 41.91 97.74 35.54 4.54 57.05 
0.64 93.48 12.45 58.21 17.50 79.76 79.29 2.08 99.76 34.23 6.54 27.11 41.05 71.25 2.44 39.92 50.77 21.93 49.75 38.69 9.71 29.07 20.61 11.87 9.77 69.19 50.97 28.39 85.03 2.04 68.35 46.94 60.40 64.55 25.36 79.08 79.23 3.28 86.70 9.70 14.30 32.10 35.38 51.45 90.93 36.40 23.80 1.86 88.17 90.50 27.33 71.24 40.84 28.82 69.55 78.86 64.67 93.57 57.52 79.56 42.03 82.22 67.88 32.78 
83.56 65.96 45.92 31.98 1.54 37.38 7.30 82.81 81.90 7.21 11.64 42.57 12.24 73.38 15.41 86.95 81.67 66.19 90.26 95.58 11.22 14.72 72.00 59.97 72.98 77.67 13.55 93.34 68.91 30.32 57.57 0.80 44.61 75.73 41.07 11.87 19.06 12.47 25.57 25.04 6.82 53.32 77.38 84.15 9.73 90.73 73.87 62.73 53.42 16.17 8.25 93.03 98.80 64.45 81.36 46.40 54.54 54.87 26.79 78.66 95.95 86.11 25.28 15.31 
40.88 51.22 83.15 74.40 12.66 0.73 71.45 63.83 41.16 11.99 35.53 34.04 45.80 65.37 37.96 38.01 98.02 64.64 15.56 10.88 97.74 22.06 4.40 75.76 84.05 95.36 11.46 14.45 37.25 55.84 83.83 43.04 1.19 30.23 49.16 28.75 26.53 82.21 40.77 29.78 1.65 18.84 46.40 8.63 46.75 37.37 80.40 83.94 3.58 27.10 9.94 18.70 46.47 74.26 1.24 98.68 11.30 18.09 57.01 18.98 10.31 29.39 47.33 82.62 
8.20 61.05 19.41 34.32 5.96 38.94 17.87 61.30 99.66 76.49 45.31 65.46 98.88 5.32 77.07 86.06 30.50 47.69 15.93 63.40 43.98 93.86 94.24 45.64 78.00 52.49 98.39 63.87 39.86 8.57 73.98 86.97 81.08 81.04 31.96 81.94 80.86 92.51 48.48 51.67 79.72 36.85 75.82 1.61 43.97 48.63 28.65 35.15 72.37 83.70 96.93 81.98 96.48 38.77 87.19 47.93 44.31 62.17 59.82 31.12 13.92 99.06 35.82 20.70 
65.11 56.57 45.68 84.17 25.98 9.14 0.42 34.86 71.78 84.65 1.21 62.17 11.77 15.41 48.36 78.98 51.54 55.08 20.58 62.99 1.62 56.73 99.91 96.49 39.38 69.01 28.04 31.41 78.22 96.84 16.36 17.44 67.97 31.89 52.74 61.09 25.10 25.68 55.57 25.09 47.07 26.48 51.55 25.49 19.15 8.79 82.66 4.35 42.07 8.33 96.63 25.52 83.39 98.84 34.77 71.52 61.83 48.30 36.23 1.66 66.89 46.74 94.50 31.30 
95.19 31.33 26.96 87.42 77.20 95.44 27.49 45.98 45.71 1.86 32.43 49.85 50.98 83.60 92.84 64.91 11.57 26.73 53.77 75.37 0.12 31.09 34.16 90.96 98.77 40.34 0.45 99.97 99.77 31.52 26.47 5.75 29.11 94.23 40.29 42.14 82.29 19.69 30.20 76.31 70.74 93.09 79.59 82.76 6.94 92.95 45.58 91.65 87.52 86.68 2.59 97.79 30.38 95.92 71.60 76.25 15.07 8.08 46.75 25.88 45.69 32.77 57.25 38.14 
4.95 39.91 11.27 89.38 40.12 81.48 13.43 18.15 56.56 25.92 13.23 3.72 82.04 96.62 0.42 22.85 30.06 8.66 79.83 83.88 1.28 66.25 31.69 16.06 64.58 99.03 30.50 4.96 16.60 57.97 37.01 31.71 94.70 41.22 75.41 76.71 75.88 14.63 72.12 79.48 44.38 48.33 55.99 91.45 31.67 8.97 5.46 41.57 19.08 36.76 85.89 60.49 96.08 36.74 4.55 10.76 44.47 12.82 28.30 39.76 34.39 46.96 27.84 13.31 
97.11 8.99 61.10 42.28 9.45 78.46 34.87 38.15 83.42 3.55 88.02 44.93 30.83 75.76 6.27 55.23 21.97 24.24 96.80 31.97 56.09 33.90 33.50 61.84 9.36 94.52 96.85 77.57 24.40 92.85 6.01 37.57 56.91 50.43 16.48 23.43 34.15 45.47 68.82 10.36 79.65 44.17 0.44 17.18 26.49 64.37 8.47 47.66 79.76 88.77 10.50 13.74 82.65 93.97 90.95 57.59 45.55 15.72 45.78 38.03 41.44 90.17 74.85 95.20 
11.02 63.57 3.34 87.99 38.62 45.76 29.22 97.08 64.24 66.22 59.00 75.64 67.69 23.56 74.55 39.39 44.09 94.12 0.27 11.00 66.33 42.83 29.02 11.13 32.13 0.18 94.31 29.05 35.95 50.97 88.59 5.25 73.78 63.82 25.30 13.42 78.78 31.63 6.34 71.68 84.75 56.85 26.10 77.54 12.46 18.97 3.67 13.08 53.00 41.13 21.46 30.65 87.82 75.28 33.13 3.93 14.72 68.13 61.92 23.92 91.72 47.04 30.45 86.53 
60.16 73.78 21.28 49.43 16.57 96.31 2.13 60.89 63.84 73.73 15.21 54.40 73.09 63.57 0.35 25.18 17.71 5.88 85.67 40.00 91.67 30.16 73.81 81.03 52.65 93.37 56.21 67.61 11.75 33.96 31.12 31.55 80.00 65.73 51.17 96.24 15.42 46.61 2.16 16.64 59.17 7.30 83.82 2.90 82.53 60.96 82.64 45.56 60.95 60.50 87.91 30.94 91.35 2.75 22.50 84.85 32.66 15.21 6.70 69.13 91.65 62.93 16.04 37.30 
43.89 56.05 94.79 29.20 75.99 58.18 42.18 53.12 7.99 53.99 86.45 48.72 2.32 50.89 47.59 89.24 30.97 48.70 29.56 95.42 28.43 92.48 99.53 4.37 97.98 62.46 35.07 26.18 39.29 45.28 46.68 68.90 75.00 71.31 70.65 97.60 2.75 20.18 36.51 97.91 8.91 54.32 35.32 61.74 51.09 76.36 74.73 88.92 56.87 45.95 92.39 46.00 13.96 14.85 73.68 78.61 62.00 68.86 95.31 6.33 48.65 97.57 65.63 0.17 
23.29 52.15 72.89 82.42 5.65 87.20 50.12 44.14 72.31 10.79 53.03 93.12 68.49 98.46 35.76 95.25 2.65 56.01 75.31 75.70 58.40 87.08 76.50 49.80 97.94 30.31 61.83 72.72 73.58 16.94 92.89 40.35 12.86 24.62 56.77 39.90 49.20 28.96 12.12 56.61 2.85 62.32 69.23 89.27 53.08 21.71 18.82 65.09 29.74 48.73 52.56 21.28 29.64 33.42 23.46 73.88 59.17 65.05 85.31 72.42 3.97 96.28 89.02 53.64 
54.11 39.70 95.36 29.67 91.94 59.38 78.50 53.10 31.96 66.12 22.39 30.00 14.11 76.41 73.36 20.52 37.40 6.18 39.94 66.87 59.50 99.83 9.25 84.97 34.40 62.06 93.55 27.46 2.20 76.58 59.54 41.56 76.49 94.48 43.69 18.25 95.82 60.17 50.43 21.24 90.48 71.10 25.81 64.23 90.81 15.71 69.12 88.15 64.74 64.20 33.11 17.08 91.70 21.86 17.29 39.13 99.62 67.76 80.84 14.67 96.14 55.64 72.41 7.57 
79.57 20.47 30.64 93.66 9.92 23.30 13.52 58.47 79.64 91.66 41.94 16.31 24.15 8.71 47.87 31.57 54.00 51.08 91.25 53.91 83.29 20.15 15.36 98.82 54.62 31.71 38.16 62.32 46.92 16.73 53.11 37.45 32.43 70.92 16.48 50.93 8.33 40.70 59.17 94.35 97.02 80.94 60.74 10.44 62.74 65.16 84.18 85.79 18.22 69.69 27.14 78.16 99.19 86.73 64.63 13.85 40.55 46.49 38.02 35.16 7.01 54.58 26.42 31.93 
97.81 37.45 5.14 93.42 16.24 71.00 22.76 54.85 76.96 49.99 47.02 59.06 82.19 90.01 21.81 84.55 20.69 97.45 83.39 19.96 50.03 45.80 91.61 60.86 31.90 37.44 79.67 24.30 82.87 96.60 84.45 42.03 9.43 37.61 14.27 90.71 98.73 78.09 99.43 62.51 82.56 26.63 54.73 11.11 52.07 4.58 15.71 76.19 6.24 3.04 62.87 81.76 2.91 87.11 40.36 25.73 47.22 17.05 56.57 91.84 43.66 88.03 33.82 21.65 
61.34 18.94 99.06 45.72 55.46 32.52 86.58 56.07 33.24 51.53 76.66 14.16 1.78 16.96 2.20 21.66 6.27 56.77 45.06 53.68 19.50 87.36 30.57 65.58 36.50 33.76 38.03 54.88 19.48 2.56 72.67 92.01 47.87 7.17 6.03 98.12 74.28 32.38 46.65 30.33 47.28 84.70 88.69 33.88 45.97 29.27 47.62 18.00 94.93 26.55 28.72 42.58 95.69 87.91 82.33 52.63 65.14 61.37 80.40 25.22 76.02 82.84 80.35 93.78 
74.47 31.12 19.12 92.77 60.00 47.84 35.66 33.06 2.13 21.90 50.50 19.10 99.19 35.09 65.15 54.37 21.12 94.98 23.42 30.08 89.71 88.96 29.22 46.87 36.66 44.99 94.89 48.21 1.40 60.25 29.36 40.04 45.19 35.79 51.99 32.27 69.15 96.25 93.03 91.01 97.98 92.10 57.73 32.09 91.14 54.70 16.01 18.98 9.66 24.90 7.65 60.52 41.79 9.34 19.41 56.43 92.28 52.90 25.55 1.68 12.64 10.47 13.35 53.32 
60.60 67.14 91.91 44.85 20.92 14.24 89.76 30.22 96.74 11.47 70.35 35.75 91.66 23.79 32.80 77.65 82.50 73.75 52.80 76.36 35.35 74.61 74.96 95.37 1.35 39.10 39.93 98.47 68.83 11.20 13.31 59.39 36.31 70.12 86.23 31.19 60.87 93.92 13.87 78.53 64.19 23.07 13.85 27.15 48.57 37.23 59.21 83.28 21.29 48.40 72.44 98.93 95.45 42.78 37.07 38.79 55.89 53.67 84.35 32.30 64.54 32.70 71.67 12.22 
85.71 22.62 32.93 6.04 73.85 65.93 87.56 26.33 46.55 94.09 68.06 2.42 40.22 18.62 24.72 99.53 16.73 35.62 89.95 81.22 25.48 41.53 42.84 77.72 81.71 35.50 36.14 84.93 41.18 2.48 52.14 92.02 44.14 66.65 82.65 99.26 97.34 71.23 47.18 13.10 40.30 35.49 86.10 26.61 33.79 4.26 84.53 13.05 70.62 22.71 62.98 75.63 32.42 47.73 42.92 44.99 48.68 64.96 49.72 47.76 25.71 98.46 27.92 68.09 
34.99 96.84 35.99 34.81 10.29 28.87 85.64 0.59 52.16 71.22 68.36 24.56 94.33 51.41 66.98 25.23 53.69 35.32 52.33 56.29 76.80 45.50 83.65 68.59 35.64 4.74 54.67 56.06 29.55 46.83 88.42 96.15 28.48 92.38 22.19 46.68 11.98 91.00 41.08 61.99 8.92 51.84 33.40 26.63 79.65 42.80 79.09 82.13 73.04 56.92 97.82 18.03 36.59 85.87 90.78 21.97 23.60 68.55 79.06 97.15 86.30 41.60 60.63 57.08 
7.38 73.66 90.61 55.55 50.85 12.58 17.87 57.13 21.56 94.45 43.44 33.29 12.61 77.58 21.04 0.39 73.88 24.59 86.41 89.83 51.62 52.27 93.74 94.16 82.57 75.36 38.32 61.33 76.77 72.99 81.77 26.19 54.97 55.72 47.07 70.29 47.47 1.84 59.12 26.68 28.61 41.29 55.21 37.89 33.59 16.75 68.48 10.47 55.62 28.37 11.64 74.09 27.59 9.10 23.00 66.23 73.44 86.95 6.52 35.12 63.48 70.09 53.99 93.44 
11.97 57.86 25.46 8.73 19.80 41.81 74.89 41.25 76.18 95.77 31.31 51.59 77.25 39.23 84.73 71.46 0.66 29.47 35.40 61.65 56.93 31.15 51.10 97.68 45.00 27.39 69.81 23.94 61.12 25.41 97.16 5.85 47.56 72.21 89.53 20.98 63.49 53.25 93.38 98.11 63.40 49.69 61.61 79.77 87.10 11.81 12.33 25.32 21.72 28.49 12.04 98.19 91.97 46.92 43.08 32.92 89.49 28.48 71.15 5.34 83.08 21.04 7.21 24.44 
14.30 35.54 22.94 89.23 53.18 34.08 94.94 9.37 14.68 22.82 37.21 71.60 74.80 30.18 22.97 2.68 24.01 43.44 7.53 37.59 22.62 61.34 17.53 72.66 34.89 92.22 74.35 68.73 10.03 67.28 23.86 57.35 58.28 53.41 69.10 31.27 15.30 10.39 95.36 24.50 9.02 77.95 50.42 87.16 16.63 96.32 90.39 28.69 0.99 94.38 37.66 61.42 40.75 90.11 11.25 49.73 36.88 70.59 23.27 79.03 22.00 74.25 6.48 62.44 
92.80 96.76 64.82 22.57 62.69 69.92 44.90 8.69 13.85 17.16 98.89 76.23 65.05 72.89 61.41 85.00 56.12 47.25 31.10 8.42 85.05 55.75 52.45 89.20 1.43 85.78 97.53 4.39 90.82 9.67 15.29 48.49 17.84 48.36 18.26 8.16 82.58 26.94 88.98 38.81 26.62 43.07 5.86 28.34 82.43 59.39 15.52 61.07 67.33 51.92 45.04 97.47 11.62 67.09 5.71 50.57 10.48 85.90 90.54 75.67 6.31 16.90 10.26 93.54 
98.71 92.42 93.46 19.01 67.23 75.98 5.85 51.21 24.45 4.22 12.65 99.16 58.19 75.80 21.86 4.66 89.75 54.88 89.91 7.63 2.13 84.95 39.53 59.73 87.11 60.62 90.21 84.96 8.11 44.23 99.06 46.87 36.68 0.15 35.03 86.56 39.86 51.44 56.37 72.97 79.29 59.46 87.44 34.70 12.77 89.59 37.39 21.20 10.09 12.89 92.95 12.57 18.36 9.00 6.25 31.16 94.30 47.61 55.95 26.11 64.99 2.55 77.27 14.37 
0.92 81.05 12.97 87.91 20.76 52.77 89.14 39.73 27.61 20.03 43.10 78.90 80.01 10.49 95.17 18.93 33.07 89.77 39.89 25.63 33.65 66.04 2.82 27.22 96.10 97.42 7.67 39.88 77.91 36.82 68.94 56.76 65.27 72.83 58.52 43.45 27.80 10.32 65.21 96.57 84.43 37.43 16.56 85.19 1.52 29.16 69.96 58.08 99.29 61.55 56.68 85.97 92.83 37.00 47.02 41.90 19.83 47.54 2.07 26.01 43.19 28.62 33.07 22.94 
68.51 25.75 11.52 53.86 15.27 96.07 47.15 93.70 0.76 66.08 99.42 95.28 16.87 11.83 67.03 46.72 43.93 99.08 55.15 75.92 71.59 93.04 54.43 51.69 62.39 77.00 98.04 99.81 98.04 58.05 75.16 25.49 70.13 92.85 31.02 45.49 47.08 42.11 93.83 38.88 93.44 64.99 68.06 82.31 90.63 50.83 48.77 13.11 95.22 39.16 69.02 51.84 14.53 23.25 37.42 8.01 10.91 62.05 24.96 74.66 74.54 6.12 21.33 13.29 
17.85 51.32 0.87 96.53 2.33 32.98 79.46 51.54 93.20 4.69 90.19 26.06 59.15 66.80 77.51 86.99 35.42 36.02 82.87 53.89 38.05 72.61 51.14 40.75 13.14 16.50 87.22 10.38 52.14 69.82 56.06 34.68 56.70 12.16 95.44 4.13 98.23 55.23 74.62 22.84 88.72 88.34 87.47 23.61 10.40 72.15 92.13 50.96 88.18 69.71 90.53 93.35 67.76 13.12 26.11 14.37 34.99 64.57 0.46 69.58 28.87 3.34 41.75 97.99 
49.84 88.70 81.79 38.69 25.10 16.52 98.51 60.13 76.03 49.49 6.55 26.83 32.79 16.84 70.34 46.71 1.62 81.71 5.78 11.25 98.52 48.68 18.66 15.12 76.20 88.73 88.02 92.20 39.67 16.08 55.52 22.02 25.31 12.89 92.52 19.67 90.86 10.50 37.06 46.88 17.79 55.56 24.47 46.87 66.33 51.66 29.95 85.04 81.21 68.17 24.07 4.79 31.13 33.18 9.12 72.28 79.33 58.92 29.56 28.84 86.53 22.36 91.43 41.22 
96.16 64.53 43.08 60.99 30.91 64.45 84.70 67.86 4.38 71.60 4.69 54.61 99.64 74.75 82.59 51.51 28.58 10.97 44.23 12.30 66.81 56.31 43.68 91.99 96.21 17.04 25.50 59.72 43.15 67.70 61.48 20.30 40.82 30.85 65.10 77.15 26.52 52.49 36.17 93.76 46.38 35.50 88.40 20.59 24.64 59.79 78.30 45.26 17.50 61.00 59.91 65.36 0.92 37.65 99.95 92.56 67.79 79.31 55.92 36.64 60.18 90.09 39.37 18.58 
74.44 63.71 34.71 11.40 92.35 49.34 69.82 36.02 53.24 75.91 63.30 25.28 27.75 12.27 14.80 28.60 80.86 1.56 11.08 2.13 80.97 89.80 56.99 11.45 35.14 22.37 80.06 67.20 99.75 39.68 72.21 8.09 97.07 3.71 12.72 84.50 50.35 6.20 37.94 73.39 36.63 70.53 48.02 31.16 95.79 79.25 47.64 7.23 50.60 70.48 29.87 2.33 71.01 53.11 93.41 32.85 53.46 31.84 62.89 41.68 47.34 84.99 7.10 98.98 
27.60 3.34 77.43 80.99 58.62 64.32 40.81 66.41 98.32 2.61 36.87 73.51 40.91 29.92 84.04 2.86 69.03 81.74 63.36 80.71 76.77 52.16 80.79 7.07 11.79 42.44 65.30 56.34 81.14 86.52 80.51 97.54 49.99 43.93 38.08 44.40 83.55 85.54 78.98 11.37 48.32 47.70 97.38 53.86 77.81 51.30 49.37 92.47 2.73 63.06 17.64 25.20 97.17 25.21 22.44 37.90 83.74 27.06 63.31 63.62 34.39 23.11 19.05 8.33 
44.29 13.94 70.56 92.62 40.76 94.38 32.14 68.96 69.79 69.03 43.35 41.98 81.36 16.48 49.13 49.41 46.99 2.73 31.68 61.24 23.05 78.76 28.83 35.62 52.88 2.89 98.99 38.98 30.75 72.33 76.88 22.46 94.39 37.45 58.08 33.41 10.68 93.28 39.84 91.84 29.09 1.92 19.28 63.03 35.40 89.82 19.28 61.43 83.30 66.30 41.87 97.42 18.57 26.86 42.48 9.59 99.99 47.28 14.07 44.79 16.17 92.99 78.50 26.28 
38.81 31.13 82.52 83.40 19.08 49.81 36.09 3.81 51.37 6.21 48.09 65.54 77.42 81.46 73.71 88.92 51.94 58.29 18.52 61.28 63.43 94.72 60.63 43.01 38.88 21.61 98.01 46.85 45.54 99.65 21.53 68.58 24.85 44.88 34.29 48.60 96.43 31.48 16.97 61.19 66.66 34.74 7.34 97.76 89.91 46.52 37.48 34.80 74.09 13.51 46.31 37.91 62.91 18.63 35.59 63.84 21.72 73.38 70.63 57.05 59.51 39.11 55.72 37.29 
72.14 87.82 91.23 33.45 78.69 35.42 54.31 44.53 10.25 53.79 88.97 21.51 40.47 34.62 47.35 86.15 14.94 51.51 32.99 92.57 38.67 1.70 93.64 95.34 6.60 88.75 20.93 86.57 68.02 35.34 95.76 52.35 55.91 3.72 61.85 15.98 63.13 59.64 37.31 72.06 0.02 45.03 48.62 65.11 57.98 69.87 90.89 99.53 94.13 25.49 84.06 95.88 86.29 72.05 39.15 98.94 56.78 57.51 80.69 85.69 93.51 3.17 24.44 6.48 
37.22 44.30 76.70 45.78 40.58 64.44 48.30 22.07 10.34 50.18 11.06 58.74 68.44 77.37 61.40 75.96 47.57 6.90 15.41 61.89 94.66 17.58 15.30 21.85 21.53 37.05 45.94 35.47 87.04 76.12 87.97 84.02 3.14 8.04 95.51 66.52 26.83 55.29 95.42 44.25 22.44 6.82 57.33 93.51 32.25 45.17 86.97 72.83 13.91 72.82 72.98 37.65 65.74 54.04 92.48 65.45 83.60 87.93 32.87 40.30 2.72 69.39 25.21 46.69 
68.27 0.16 16.90 82.76 42.98 88.01 81.77 15.18 73.86 10.43 69.74 67.39 3.94 75.60 11.52 87.16 19.49 68.16 59.65 98.39 1.20 48.80 94.82 43.39 80.14 72.61 74.45 80.88 89.94 79.04 20.73 60.69 90.17 81.78 38.16 39.80 49.94 62.77 64.60 52.76 59.75 40.85 84.49 92.92 28.81 41.37 92.90 49.86 81.66 83.20 10.48 92.02 79.40 10.16 62.43 47.43 80.13 91.84 6.70 38.08 10.26 94.32 54.71 57.07 
48.15 68.90 55.93 77.27 34.17 6.89 42.19 33.33 15.48 2.19 77.18 26.62 53.60 42.57 97.53 79.64 10.82 12.69 78.41 51.36 16.96 48.21 52.92 94.11 63.35 36.31 4.59 33.96 85.86 51.53 14.80 69.27 11.28 37.65 97.20 73.19 48.44 86.91 94.55 76.76 69.51 38.27 52.02 66.78 39.71 95.13 91.77 28.64 44.05 74.73 41.87 99.06 44.51 4.35 36.26 43.74 63.80 67.46 76.90 14.44 0.97 56.32 10.29 87.29 
64.84 96.18 81.60 38.72 3.90 90.62 89.75 53.39 24.04 93.73 50.33 65.73 81.07 30.67 38.59 30.17 85.50 96.26 22.88 27.01 37.28 99.85 99.57 16.00 73.91 14.28 53.21 12.61 6.92 85.20 82.44 56.98 76.36 79.76 98.94 32.92 51.41 42.31 44.90 99.30 84.19 4.23 19.50 34.19 39.54 32.27 53.02 59.63 67.90 65.16 78.05 44.32 81.49 30.10 83.49 20.70 82.08 7.21 47.27 23.19 11.83 51.24 24.55 79.02 
67.93 11.21 84.90 7.33 36.73 26.71 80.61 25.11 83.11 11.41 12.55 80.38 5.24 93.01 85.92 7.30 65.11 93.82 26.10 38.83 63.00 21.36 80.45 53.11 64.17 31.76 58.98 17.01 77.87 61.16 1.24 40.33 65.54 24.81 61.63 6.46 50.61 64.72 32.00 48.62 37.97 69.56 50.94 56.70 36.30 28.99 73.22 71.49 1.99 29.40 69.59 90.03 21.55 95.47 42.57 65.73 49.54 57.46 96.14 72.19 66.91 41.75 45.66 96.11 
82.59 25.96 84.00 10.71 43.28 33.82 8.86 65.04 86.15 25.09 10.86 59.45 34.92 24.06 72.13 26.16 96.28 51.79 7.78 55.43 38.57 68.94 50.97 61.54 47.10 28.10 29.31 88.52 73.78 65.89 77.58 44.34 54.14 88.73 55.35 0.87 40.81 26.97 71.96 98.78 42.26 60.01 37.61 37.64 99.79 58.79 55.31 29.07 47.54 75.07 78.48 11.56 36.04 25.43 76.50 21.04 57.11 54.07 85.00 93.29 32.89 13.87 61.40 22.27 
36.06 39.43 45.78 92.96 86.32 41.41 5.00 81.28 9.71 94.78 3.96 3.08 57.33 55.85 85.57 47.92 8.41 50.16 4.20 98.83 43.85 31.27 17.00 80.39 12.85 43.31 26.07 35.89 68.51 36.58 59.81 11.63 87.04 45.93 86.66 3.45 49.52 12.31 14.40 62.16 89.12 67.86 14.84 37.63 49.00 69.83 9.45 23.18 81.24 93.63 47.87 95.36 86.50 71.98 67.48 79.22 21.89 1.16 22.95 9.52 52.22 27.80 21.90 82.82 
23.25 13.90 65.95 34.63 22.17 66.81 17.66 44.31 35.12 52.54 46.04 95.55 29.89 69.75 62.40 80.61 95.28 3.07 8.49 30.74 56.87 2.12 81.25 18.67 95.57 45.99 81.01 61.36 59.44 64.01 64.60 40.54 76.65 38.70 48.18 30.17 45.94 85.90 13.54 96.45 52.17 83.06 93.74 22.74 98.50 35.16 88.55 14.79 60.18 26.65 39.23 75.47 83.34 66.20 71.17 52.09 1.56 74.92 26.87 35.87 95.17 31.94 46.17 39.23 
4.39 83.93 72.26 24.76 94.26 36.79 57.74 53.13 56.80 50.74 88.61 70.25 25.22 13.76 71.21 84.77 50.58 31.37 74.20 72.96 46.32 95.19 30.46 21.03 10.75 0.13 32.07 47.86 86.39 48.64 56.51 33.77 74.32 80.23 81.67 27.69 87.89 91.08 92.22 93.11 9.50 27.16 56.16 52.97 43.38 75.97 38.88 89.81 18.31 91.63 22.79 33.37 31.88 15.37 51.99 33.76 48.18 85.70 90.70 63.51 78.33 25.88 74.14 30.48 
89.32 81.75 53.18 19.30 74.89 77.26 97.71 11.80 3.68 19.97 12.75 37.02 10.43 99.56 15.44 88.77 76.41 74.59 92.55 51.59 16.70 37.07 33.32 84.67 34.43 96.18 21.45 68.28 39.10 9.47 48.17 48.44 77.96 57.00 95.06 1.03 85.55 21.19 58.68 63.98 9.88 31.97 96.22 48.74 6.16 63.52 59.65 88.12 33.77 69.81 14.47 53.01 45.21 13.97 70.59 94.52 67.04 34.77 44.05 58.96 69.14 7.35 62.43 44.98 
82.50 36.26 57.47 75.37 32.24 59.95 34.29 1.45 2.34 56.05 74.72 18.93 6.19 62.70 40.09 29.35 4.41 16.40 42.19 70.01 56.39 75.08 84.82 60.18 76.72 9.29 71.00 60.36 4.07 35.73 32.49 93.83 97.46 95.46 1.63 91.56 78.09 58.62 90.72 96.69 76.52 0.42 46.16 17.58 83.22 58.92 4.28 64.00 85.46 72.10 26.43 95.83 38.88 73.35 41.72 51.40 98.10 10.76 73.12 61.72 27.94 1.70 15.15 27.44 
50.30 11.00 59.35 74.67 2.76 34.86 96.96 5.27 57.21 79.30 17.18 23.80 17.59 84.35 61.69 81.01 59.60 23.98 26.13 30.73 8.08 45.15 39.55 99.95 84.68 59.63 82.88 89.02 79.96 63.08 38.16 52.30 12.78 64.11 51.61 29.00 55.19 30.30 30.21 11.89 34.08 66.28 46.51 43.23 27.44 23.32 79.64 3.65 5.22 1.43 92.69 95.00 5.76 85.10 3.21 61.45 66.90 25.69 21.41 26.67 65.99 80.66 43.43 64.10 
28.70 1.73 22.49 38.24 14.20 14.08 88.96 60.13 60.59 4.36 50.61 85.31 2.69 41.74 79.54 53.95 57.39 93.44 86.28 14.40 2.48 58.65 70.92 34.45 1.16 4.83 38.99 52.58 90.33 25.58 57.99 29.08 45.73 98.56 0.98 29.91 73.73 82.17 20.25 87.46 55.50 36.56 76.56 37.68 50.02 7.62 7.82 91.05 21.71 85.98 48.69 85.73 75.89 67.54 72.80 75.94 86.19 81.06 95.25 50.70 0.25 96.10 77.18 22.42 
89.28 27.27 21.02 3.91 93.14 43.49 50.44 7.30 51.47 51.99 61.25 93.04 29.44 12.08 87.92 69.54 12.43 97.44 70.47 39.35 77.95 70.66 32.95 40.55 9.38 46.37 28.04 50.49 12.51 56.26 32.25 17.68 10.10 11.02 11.53 87.97 84.04 71.43 23.74 79.73 58.27 39.91 87.01 96.24 46.28 39.57 80.62 11.70 20.22 29.06 94.85 70.13 52.05 35.46 46.39 60.14 6.61 88.70 3.18 97.70 34.72 59.00 45.43 63.84 
5.10 66.04 18.30 59.36 81.55 1.18 61.18 35.95 54.15 60.92 62.92 4.73 6.88 25.00 33.88 79.14 91.64 7.46 44.18 88.70 50.75 41.44 14.35 97.30 64.16 70.94 54.74 61.05 5.64 93.58 18.40 44.03 13.92 2.61 24.66 14.02 23.29 73.31 26.99 92.21 93.54 56.44 64.75 40.20 28.59 18.44 24.15 84.94 27.67 69.05 73.60 49.48 67.75 32.69 27.64 38.15 23.12 42.13 71.58 93.59 45.91 68.13 44.79 64.40 
20.92 47.42 49.45 23.46 10.91 4.39 23.00 19.04 81.72 44.34 11.09 41.51 63.75 16.11 48.92 69.73 23.08 49.34 17.58 92.75 32.48 4.88 62.26 36.13 98.70 12.66 49.40 18.12 48.89 32.20 44.71 64.60 9.22 73.35 77.64 86.54 75.78 0.39 21.23 22.98 94.13 56.21 67.19 80.18 76.03 82.61 82.39 19.63 19.09 14.85 52.35 6.60 81.89 88.60 71.83 23.59 5.03 12.36 3.63 27.33 96.62 23.12 61.36 38.85 
69.23 24.48 96.89 58.89 81.24 98.84 86.26 50.71 18.17 28.58 84.81 87.41 6.36 72.91 61.07 30.15 23.82 35.23 29.64 61.54 38.73 63.81 89.09 97.74 5.68 3.73 64.90 8.27 40.60 76.60 17.14 98.18 12.96 17.32 4.75 99.12 38.09 65.53 96.12 93.23 96.74 23.08 72.43 54.05 28.46 50.37 68.23 91.86 17.75 49.62 37.06 93.44 49.24 27.19 79.97 32.44 76.43 24.79 64.04 87.29 62.72 60.38 84.00 0.73 
4.07 81.79 48.54 7.09 76.61 36.97 80.71 94.64 66.08 3.31 51.18 72.66 48.16 72.86 72.37 82.76 83.87 54.10 77.06 26.97 75.51 96.34 2.92 84.71 61.27 55.26 18.88 10.55 18.48 89.95 33.43 61.44 82.39 14.41 54.86 70.86 51.31 71.12 99.53 3.61 91.43 70.99 29.46 60.86 87.83 0.77 68.34 48.87 83.67 25.01 95.03 26.35 63.08 55.78 67.47 64.89 65.26 16.37 78.35 32.60 8.85 81.22 94.57 49.20 
55.55 62.14 23.82 60.46 78.94 77.86 45.35 25.65 76.93 63.35 87.89 93.44 79.39 63.36 73.91 36.21 8.94 43.16 98.71 45.73 84.19 71.29 87.41 0.36 14.97 67.39 4.15 24.11 12.50 93.46 51.16 97.68 89.04 26.51 24.80 86.21 21.49 13.29 57.92 40.17 79.79 20.75 97.03 18.70 49.42 48.63 84.76 74.24 38.09 51.01 91.30 41.24 11.09 66.67 10.36 89.46 92.55 29.51 64.44 16.61 39.19 2.42 44.02 17.46 
93.66 22.11 61.87 13.20 47.40 31.85 1.64 66.88 69.24 49.01 58.19 68.85 3.16 51.57 62.57 4.30 32.26 27.31 2.37 1.82 38.77 71.53 93.43 80.30 86.72 5.69 81.36 96.45 62.31 35.43 74.08 30.85 12.19 16.42 19.21 70.62 90.92 98.95 33.86 10.43 60.07 78.76 4.69 5.10 84.15 6.88 5.28 66.57 24.81 72.26 61.08 13.76 3.34 36.46 38.99 33.96 3.62 71.31 56.59 8.83 0.31 90.35 27.33 13.58 
68.20 24.69 45.71 76.68 80.59 72.01 40.43 97.61 76.31 60.01 46.86 73.62 94.48 55.99 53.18 80.34 43.34 47.66 77.01 89.69 41.54 58.56 21.77 13.13 28.08 39.07 59.25 52.28 31.96 64.65 48.12 82.56 61.01 2.46 89.40 91.77 24.23 96.20 40.02 0.80 78.17 17.22 85.29 60.22 24.36 77.41 87.33 81.89 99.26 12.67 20.00 18.29 60.38 25.37 64.78 2.64 1.88 70.11 84.49 2.71 69.11 94.28 53.13 36.21 
66.89 19.94 82.81 87.55 85.41 29.76 66.91 97.24 8.65 48.69 52.08 58.17 60.17 10.32 50.61 86.52 51.58 33.88 32.72 73.04 30.38 71.25 6.66 1.55 99.47 86.42 24.64 84.79 49.46 75.34 83.61 79.39 81.24 39.98 98.48 14.16 89.47 13.25 39.51 31.92 89.61 9.14 81.51 42.57 29.69 63.19 88.59 39.16 92.78 79.48 85.64 60.24 38.41 99.46 66.58 2.66 76.42 63.11 16.95 65.87 30.70 94.95 59.45 38.93 
13.09 72.85 82.29 6.12 17.37 5.57 79.68 68.15 60.58 97.98 19.74 57.13 1.17 22.36 15.65 26.58 47.64 84.62 24.30 88.66 21.41 56.83 97.25 3.91 45.51 22.58 82.71 10.15 57.37 52.63 78.68 13.83 6.54 11.00 36.28 35.51 0.47 4.95 32.76 4.11 46.16 46.68 11.73 81.79 61.71 85.18 60.36 45.15 27.97 2.96 42.17 32.63 7.04 60.81 82.15 50.62 87.05 67.62 59.80 39.53 21.48 83.01 64.05 91.82 
31.81 23.19 8.96 79.88 17.76 31.68 95.39 35.57 60.34 65.21 52.35 93.71 63.24 53.64 77.12 89.32 30.25 42.45 7.36 35.98 95.90 92.99 25.29 98.63 74.10 79.20 24.90 87.10 65.91 6.75 73.79 78.34 41.84 33.10 8.22 47.99 87.11 88.13 6.08 10.99 25.73 61.23 74.92 94.58 42.50 23.23 0.15 81.32 32.59 45.34 66.97 74.58 16.57 48.20 44.26 25.69 43.18 27.55 37.44 97.40 15.24 35.66 89.53 41.56 
47.33 21.93 80.82 35.78 91.75 91.14 79.47 33.11 9.83 37.32 33.21 13.47 56.74 48.62 82.45 22.43 40.51 45.11 58.22 46.27 7.76 13.75 98.26 78.10 63.85 16.29 10.25 27.55 55.92 52.42 32.44 19.35 99.09 50.26 49.43 38.59 1.19 48.46 87.51 57.98 76.81 43.83 74.82 91.98 9.69 32.24 52.68 46.61 15.54 72.56 95.38 90.75 22.36 66.90 38.24 55.40 15.36 57.35 26.21 66.38 4.85 56.16 21.45 96.01 
22.18 50.29 50.10 28.81 91.21 87.82 59.51 95.42 30.65 90.89 22.25 88.26 36.89 5.35 6.68 69.27 89.29 26.93 55.22 0.17 24.94 61.93 74.45 53.09 33.49 46.74 24.79 37.85 56.63 2.83 50.12 18.62 88.12 55.15 57.36 79.33 76.90 71.85 54.26 5.90 88.70 40.68 2.70 48.42 8.38 32.66 65.26 30.32 91.85 96.84 69.24 25.72 1.74 87.41 60.36 36.27 40.03 99.51 30.86 41.20 56.31 99.62 55.64 18.67 
6.83 78.47 98.94 65.11 71.56 51.48 39.81 97.17 38.49 36.36 33.17 23.75 79.17 83.11 28.10 84.87 90.65 95.63 58.71 18.66 50.29 25.41 59.09 74.50 27.67 39.32 76.92 84.53 91.43 76.40 16.37 17.18 25.80 89.04 15.21 86.45 96.24 20.37 70.57 73.64 4.58 41.00 42.77 48.95 20.61 73.37 41.16 24.41 80.29 12.73 34.28 13.09 72.24 27.57 73.39 9.58 75.93 76.03 36.31 52.22 56.30 61.45 50.77 2.22 
71.83 46.68 99.34 54.78 71.89 30.00 88.98 61.19 26.91 78.40 34.91 15.81 98.49 3.82 10.46 74.82 37.48 46.77 37.06 64.84 49.63 72.02 9.99 60.78 65.25 37.87 96.02 42.02 75.28 58.84 92.40 2.65 87.95 49.02 82.94 28.58 49.75 51.21 59.23 26.14 4.63 59.35 15.36 32.70 8.49 60.74 48.66 45.91 43.80 14.89 34.09 2.47 54.42 73.96 33.53 13.18 64.28 1.97 80.98 4.57 74.50 5.65 97.21 8.03 
