144815 172409 141063 149742 157700 139061 148221 147548 143691 129198 156445 159866 136182 140400 149261 126421 144319 164127 157740 143291 164533 149349 140286 159325 150159 140079 154761 130219 161353 154181 146120 143597 146649 135361 151763 147928 128091 148049 169324 168929 140388 128679 130782 121109 138879 144178 137880 130169 142888 152464 144489 128858 143963 159552 158133 150258 138464 128536 160822 150614 143556 152690 144942 134220 
124786 145074 134967 132953 137904 131840 121546 136489 146143 108800 125974 146847 119681 134211 142821 117801 141990 155577 138934 141340 139523 153191 130649 147413 121730 116679 138953 121629 137212 126842 116204 140545 135287 126764 133393 145940 132099 138992 141849 127495 120786 120899 119791 92296 123951 150606 120492 137142 145986 146260 128969 121127 127077 131764 146540 150960 129423 135767 152983 139049 144769 137314 125072 119468 
147375 162403 152084 161262 170101 148678 155019 145960 155972 149578 142893 156071 142181 149452 142326 133251 155248 160912 146766 139779 159501 159478 128463 176640 166697 130002 147753 153912 161983 151902 133521 167829 158653 142917 155213 178408 137370 149205 152807 173289 144097 147199 147421 124256 141393 165059 141366 139286 147747 160370 138797 143106 151985 143383 163298 158202 152791 139189 152261 154171 166734 150851 157884 136887 
143475 165818 148362 151291 157121 141693 157765 141756 149451 132004 150976 156371 130963 147404 148545 140066 149778 163645 151722 147328 153882 151625 138397 176705 153951 130237 152366 133543 158867 150809 137459 155665 147490 136585 161111 160019 123839 145854 160421 159660 140574 140093 142108 112413 156010 164508 143716 134743 143998 172592 150437 141943 166297 148536 145780 154587 138836 155543 163569 154359 161956 153366 143123 134545 
144776 167394 148353 162909 160105 147453 156426 130276 154739 119211 152828 167051 139676 141594 132618 139527 164717 173224 148840 144657 149585 159885 133766 178399 162432 125519 137299 157912 157493 146394 140590 165127 139780 155959 143603 162466 141936 142108 154913 167869 144299 136341 148564 122337 137076 171027 141465 135607 150639 159888 136541 128053 161227 152563 159348 158151 153656 133012 141079 150897 158583 152736 137544 132206 
144356 162946 148801 147235 162712 145534 136141 140057 154069 131419 146166 152094 130796 145338 136347 131216 157473 172430 149227 136057 166899 154252 137257 175950 142505 129515 150453 148295 158639 149053 130740 151009 147851 136514 148114 160120 133474 143732 152393 167946 139622 135455 144501 125259 140679 155065 134058 139834 146800 157946 150925 142670 142573 141064 157328 166050 142362 141246 147264 158802 144753 153041 141850 132118 
161964 185160 160462 169134 172583 169478 176710 160457 174894 151477 178224 184613 162729 171773 154124 171037 184937 181962 178447 170032 173211 189900 164051 191442 166811 144352 173760 166333 177333 175495 156497 186347 180117 165937 181460 186516 149549 160879 178333 188793 155921 161931 168173 142473 160399 179644 144735 147407 166282 198183 162329 160286 184335 172005 165504 184486 165854 163556 181339 171488 178827 162333 151957 160435 
165556 186375 173319 176281 184548 152147 185546 151973 160512 138697 160514 189698 166449 147483 159712 149802 182453 178977 162750 148440 181498 171291 158164 196831 179442 159372 165131 163177 177854 169754 152476 165874 165549 150222 174108 187633 153689 151590 183040 179267 156715 167391 167098 132599 165826 186698 156789 145900 178221 170511 160707 160609 185072 167546 176707 178123 177164 147568 184386 165350 183861 162739 159552 152488 
133131 151002 139683 140631 154252 137442 146375 147312 155034 124605 140236 150915 138716 128733 135386 129206 137282 146773 143017 128504 151293 138073 149902 161873 140439 124684 146807 141448 150449 139987 131992 149885 137177 122890 138789 166484 119572 125419 156149 155585 134575 138051 138286 109229 144315 160367 125449 118037 138733 164702 143335 131988 150133 138320 155224 159922 126933 144593 160328 149940 146516 137690 136238 135406 
149742 160784 157954 167576 163354 152988 150664 136608 157648 134329 159360 161378 146899 151295 148006 156767 148640 167125 147749 135264 156895 160356 144792 188719 169919 136255 139271 148866 163014 159290 135770 167532 150578 144391 152556 171728 141514 153637 159715 162557 157288 148543 150410 116304 158941 156176 138961 130171 136998 176230 145382 141605 162925 140617 154044 160288 142983 143232 147224 163469 154607 153374 143302 142954 
118645 134885 138247 144901 145011 136399 146591 124473 137244 114198 137941 147211 132398 139633 139465 124141 137709 144867 129869 122754 142892 140485 117153 159249 139538 119043 130024 128338 141566 139354 123408 137487 135261 135171 136749 157364 131515 120127 150488 144269 135007 131812 133473 102001 115695 144259 116407 103473 108441 152949 127087 117265 143203 142448 128687 136148 132215 125393 141488 127307 136775 138126 128995 119960 
141443 158720 164855 160387 176532 167868 164244 144876 155676 127164 157256 168871 149750 145654 151911 151754 149399 160044 156075 141704 161359 176208 148449 181511 167824 135572 150904 151787 166396 155723 134239 170255 159546 143141 157563 170506 147694 151522 154715 161276 153137 141032 151022 120870 143209 154696 124156 135527 145011 173988 147255 145604 174504 156799 154140 172487 155478 155921 163849 144181 164317 158135 149900 143395 
132457 165324 138365 160426 167094 135235 153985 141498 159934 125197 155725 162630 133673 157078 149475 135828 160894 164645 154183 144478 159199 165147 135967 177646 152085 134996 157177 158760 159214 159887 147365 150756 142210 150340 164235 177114 141511 144722 159274 168527 150143 139320 138205 114665 137922 167929 149973 136554 145104 166806 143118 140265 161728 157665 160453 150203 153663 136087 170082 154168 167145 163845 143044 136819 
161497 173212 156404 176407 175593 155353 169136 160002 163124 128123 150434 181624 147673 165225 164506 147849 172905 177859 161482 157618 161329 187909 148126 189056 163785 143409 157863 159275 175510 161524 148678 184978 168574 157759 166906 186299 144821 160172 174370 177604 149738 149292 159373 130609 150990 179800 152852 152185 167003 182908 143365 145724 166563 150955 173763 185658 164816 153577 177467 159497 179952 166190 162049 161180 
146650 162215 128895 145670 159699 134897 145454 130252 141908 112997 140661 150054 125830 144888 125501 126389 143718 151184 135905 131120 139287 153508 140131 169268 136363 123621 142291 152226 145081 137653 132252 150801 134662 127458 141893 167195 132875 128098 152100 146308 126150 124639 137057 113605 143633 165959 141397 136685 139205 152119 139668 117757 136824 135666 154795 166170 140471 126649 156642 148428 148783 146612 132631 127190 
171611 178255 158684 179735 196657 161037 173002 146998 173547 147460 160373 181183 155309 168319 161363 153637 181795 175608 166323 163440 180575 176243 161781 200871 166603 146410 163220 164002 188645 158642 150029 181607 166015 169147 162026 184925 147626 161742 184896 182390 171616 146696 155740 143396 162243 178009 154279 145305 153006 187408 157968 146619 175647 171081 181699 177916 161838 151108 172379 168413 177151 167077 162146 164590 
113144 136870 136097 132496 141302 141477 129878 123097 150532 118534 137821 140631 123152 131946 126428 124679 138193 154679 136865 129333 137359 152133 113890 153755 144530 119366 128754 119775 141357 131242 127252 137983 130900 131137 128706 146332 122547 130978 136187 139555 130348 135985 119817 103907 124500 142537 122744 108409 129529 153315 129647 114060 142942 137539 133195 141498 119483 142588 141695 133875 141911 131963 130522 116928 
137910 155586 144542 141069 154059 129998 141734 130665 145719 125796 136748 155423 136830 138062 135787 118583 155562 148766 144014 131530 143017 154424 130566 148324 151430 122244 136146 136444 147965 131399 133121 150989 137746 124785 153647 160022 127473 131333 151129 161828 135601 132821 143408 106798 138678 150091 124566 125529 140009 140022 124331 120529 158571 137914 147565 146900 146298 124672 163657 147841 153876 153111 134413 126276 
152413 167913 155856 165454 163247 145633 162120 142670 157186 131977 159459 167897 152872 154667 159638 155416 165217 165922 164805 150026 172342 165888 156256 186704 154463 134402 146509 155944 163034 167498 141044 163493 149526 157888 166839 182989 141344 143352 183772 168491 159602 157552 153148 115920 153820 172274 147544 127120 137481 173010 155874 148876 176578 152304 156505 159628 165528 141046 177155 159654 158432 164781 137197 147391 
147208 173584 154106 160549 172678 168149 164372 142181 167665 140653 168837 183734 145183 153441 162448 148912 156991 185951 166090 153825 169252 175892 143457 195414 173814 141514 146602 154141 171987 170221 157487 168937 163629 145165 151351 168194 137652 143879 180564 165027 158530 145588 144454 136495 166991 176593 141868 138620 150097 167431 157410 152589 165120 150147 159214 168357 163526 157126 177960 165527 173944 167295 154075 145904 
149047 175716 157218 162280 180421 153045 157944 144528 156611 129509 159320 163504 150104 163694 154101 142828 160413 169479 155823 151085 155746 163079 148264 175078 166786 153598 156073 147305 163979 150804 151881 161515 157213 159196 155464 172770 145126 147014 169273 178855 159106 150718 134180 121961 151612 174709 148591 130916 145321 163218 142002 138827 156911 151381 169275 164138 151740 143061 157966 154824 156170 164983 148649 143035 
151225 160557 150675 160464 169700 156708 164499 137466 160796 138844 151946 164389 144130 141066 148139 132788 169693 175614 150861 154518 159037 165690 135518 179702 169535 140169 141741 152182 165879 161718 136797 157401 151422 151345 145708 171013 150527 162710 158901 174422 159116 137317 135206 121036 136856 146713 133527 142734 131384 178752 138531 137400 153978 155563 161764 152464 150589 145157 163051 152073 150696 145742 141673 143512 
149979 175349 168051 178103 167066 158670 153864 139046 165628 134770 150935 173060 146789 149970 157531 155246 165248 172855 160286 155835 164489 163235 128608 184359 153233 143952 155076 153265 168596 159649 152654 150135 156920 154567 155976 177678 148844 163515 164363 167934 145442 149365 147625 124686 142285 158672 136585 147777 145055 174334 152197 142616 168152 167397 158216 170410 162409 148522 163208 157611 154969 150992 151717 152203 
142981 152922 148532 149564 157394 138234 140165 135994 152707 129572 156315 153876 144207 149651 142110 132157 163000 160237 163261 140995 159105 155669 139880 159708 142166 130857 148976 136563 164937 147401 144251 150070 139922 153084 158745 159117 128199 139322 164672 167858 142541 135915 136256 118552 141574 161543 144377 135696 142356 159231 136511 148208 154474 134168 143547 147049 144635 138515 167383 143336 156478 159577 135098 141689 
153762 146756 145070 171003 153965 140005 157532 144222 147543 129549 143235 167707 149051 136774 163007 137740 166234 165248 136479 135848 158186 162460 137685 182975 145749 142989 144694 149853 157972 152744 149140 152779 151672 138956 148754 174295 140577 150756 157404 168224 143592 148890 145590 118781 140685 151819 131866 144341 124319 169489 146742 137964 149978 147670 152566 171895 152683 137816 158262 149839 160885 143862 143693 150820 
144290 166019 149324 151628 157198 152926 152868 137237 142813 118241 147687 161587 140488 155218 141728 141777 159822 175233 155312 153427 146940 170802 138295 179759 145579 133099 147644 135094 158286 153845 139120 165324 159728 147307 149686 160603 128182 152265 158170 165419 135898 137504 137732 115733 152358 167999 131170 133938 151563 171015 148723 149769 155188 144370 146411 168693 153192 144003 156831 149872 147912 152979 141977 141399 
171140 211464 190504 180819 199367 169002 189320 174879 186728 143340 186030 197397 169045 176311 179117 169385 180830 203200 193087 178869 193521 187674 165309 208834 187214 167846 190783 180317 180697 185340 171755 185023 180276 170571 196047 200713 163783 163137 200247 199093 165394 171988 177551 140819 172191 203651 167410 140563 183118 203704 178560 180950 204633 193158 183863 196101 182393 182834 199053 180944 183683 182856 169459 169462 
144667 180741 156003 158929 161397 156413 154759 143498 155256 127999 166872 170165 139890 157762 149621 148621 158610 171742 167280 159437 157879 173047 147278 170135 156090 137692 157196 152554 170992 148320 156280 160287 165018 145788 156741 166419 135707 149567 171817 175098 146056 147008 150502 126899 151601 169798 142183 136298 152888 169724 157559 149287 163830 155111 153277 171770 156635 138967 168571 163670 148926 164610 151908 139140 
132203 155858 158421 140851 152946 154762 151103 124611 151086 117291 141553 155216 141911 142048 132814 139481 158834 170449 152864 136536 140500 168591 122268 169384 156238 129780 140262 133801 154437 152683 142838 153528 139936 151876 149078 143571 134320 148872 146223 162724 140883 132146 135875 115177 136197 150282 129151 128541 138007 163370 133336 136478 158069 136616 141620 148651 144409 142172 149199 135683 138142 153237 141656 135707 
139725 149606 150791 152444 163999 140718 143584 141338 154857 122798 142428 161130 132604 139212 148819 129825 156635 166040 151685 143390 158090 167800 148089 173293 153459 134276 140512 144093 159598 158273 139757 157205 149969 140002 147348 157199 146700 147083 164599 171857 145054 144386 132254 122983 145447 161065 148623 137254 138561 168916 145714 141687 144590 141404 155483 157678 141930 147876 156826 136689 161128 155477 137461 148516 
156662 182909 176879 170349 183854 166151 157015 151854 176744 147489 162832 176378 154694 170146 146833 149299 167703 179133 170611 149966 169605 173365 140460 182491 170441 138603 173142 155399 179887 166415 153450 173528 163050 163721 183302 188639 149089 156405 172029 189711 140885 162638 169101 136769 156361 179631 145648 140022 172945 175637 158706 152139 179931 166085 168601 171740 166094 153507 185879 163644 181773 172825 173435 152860 
154605 182246 163313 163915 167322 160174 154369 154908 176078 142857 171762 171069 161820 165908 149608 151389 170770 181649 171544 152663 175582 173808 160857 181135 156906 137909 149349 145925 174958 165535 147421 172361 184130 151665 166220 189587 149912 137988 189049 166194 140026 174268 162731 136889 157777 169508 138152 129397 165367 174297 151032 146969 174941 152534 161202 190940 161735 151751 180498 175515 169506 164014 155606 143895 
138947 154979 133092 154676 155490 138442 143940 136737 141781 123218 128249 141229 121444 134991 122427 120168 137535 155864 147069 134044 145091 138985 132457 161782 131919 114592 127888 130961 151686 132694 120566 139871 136897 121370 137149 172766 118751 134258 152683 161266 125559 122660 136115 111501 120657 141533 129120 122770 140864 157829 129946 113100 140185 138819 151176 154116 135428 123477 148674 154937 139685 135023 136931 131735 
152521 173266 149048 156416 176178 154820 157667 141496 160493 132679 169865 166029 137292 154021 148754 139194 167380 171056 155220 145473 166598 170406 144854 185499 158203 136076 150162 153331 161899 156451 133707 164050 157809 155182 161200 173146 143677 152421 168546 161179 141174 143556 144578 122070 149725 168783 140524 132570 148686 159066 150928 144583 164361 155939 161050 162617 165783 137168 166535 157591 155376 161043 143488 133954 
140385 161955 139409 165450 160635 135927 158945 135816 146327 123148 140649 157824 131477 146882 157669 133305 145252 165286 141594 141904 160954 160241 138567 188988 159659 134353 145862 148878 146815 161168 127726 164254 141452 134848 147187 167346 133992 151139 167390 160484 148365 141730 140781 114008 140085 161549 142330 125671 136597 169967 149429 133417 158965 152455 158416 153624 142791 141369 148826 152172 151111 138106 139222 131779 
131018 146257 125715 127937 128475 123005 131956 119981 137244 110160 131364 144802 119161 131383 132356 126149 147482 155917 134692 146532 133638 153956 122284 146647 131292 120514 138623 128472 130161 125602 129708 129530 132025 125457 137571 144688 116086 137879 137548 151627 123969 135013 123785 95843 127623 142026 125918 126310 136070 144492 131098 125802 126909 123708 140164 149543 130745 117149 145481 151786 130609 130662 123613 122561 
150703 156485 139130 154753 173121 146531 157174 133495 148214 126913 150236 160222 140791 137045 145526 131446 148266 157691 139617 134606 158627 156061 144461 176483 152537 127608 149377 140179 159668 148150 128678 147152 147192 138133 154182 165508 137406 135177 165910 159408 136045 141463 146969 106090 145214 151183 134170 135544 134788 159858 146092 130533 154887 149255 146026 164917 149967 128579 159521 153655 161474 153536 140686 128479 
152027 167796 161409 156265 172369 166616 172907 159878 171225 144375 163466 184082 147478 154668 161479 143361 165290 174914 163780 158187 171594 174787 145962 180673 167227 131641 161887 160629 170358 156142 141092 162920 165881 146343 158553 177419 146061 147889 172653 157692 144933 151375 156227 129763 146871 169959 131151 143775 155927 177666 148537 150057 171011 158846 158894 179343 148563 158135 180062 152275 172983 148968 151865 146518 
134483 166292 148591 133619 145044 148902 132829 122549 159879 119424 144778 154630 130701 141753 135516 132929 156822 171539 148206 138830 149786 154364 130104 171033 145948 124270 141484 132663 148815 146152 138876 147966 138120 136949 144293 159207 135024 140811 154936 155262 139758 141870 137657 109962 141611 148179 117784 120993 130146 155876 144593 126046 149098 142985 146641 149040 139726 135710 164716 156127 136345 153656 128626 128239 
154944 157080 154554 176522 171979 152467 165013 149491 156665 133344 143741 157615 151529 154072 164111 152218 158744 163682 150318 146477 159431 176492 146365 190744 167795 146087 146147 161806 157969 158734 142876 176130 161642 141976 160413 191720 144831 151114 169072 174361 156449 160826 157458 113915 148774 162087 148572 144648 143527 182944 152817 148388 168207 136494 156537 179231 156000 152488 167540 164932 164391 152172 159025 148389 
145756 154691 155456 153155 160855 150220 154845 136454 152199 140037 147517 153773 155839 155880 141260 133802 174922 164049 154171 129591 157283 159187 138831 178002 150232 128245 145893 137194 168189 154436 149378 164508 142910 151002 149478 171419 133370 149316 167410 174480 148953 147855 144118 117939 150672 157008 140245 136003 142265 170372 152697 135486 161303 146411 152578 148347 143894 134894 165103 158072 154825 153193 147681 142384 
176305 186301 179226 180479 184402 161308 173168 167599 167651 144073 156814 176719 160357 152965 170916 156848 166367 167386 166685 155106 174136 160208 166714 190215 178482 155751 169685 164593 177890 165754 142341 176036 176312 150550 181052 193183 162472 163127 192524 186424 152742 166370 173450 126623 167034 173227 153614 149080 164880 179700 158959 148031 182934 166354 173148 190531 166798 146732 178410 170821 182643 168189 176214 156922 
140949 165538 164118 151215 159602 142665 152808 146229 164571 126344 153481 162982 141897 155824 160396 142431 157975 167018 146725 159838 159310 158673 137661 171308 159969 138709 161787 140773 153782 153882 145659 165479 154473 143524 165330 169853 150342 149470 163029 165957 135248 154060 146799 109142 152287 171114 140086 131966 142676 173477 147375 138235 161476 160739 158426 166551 151662 158232 168975 158014 163831 149982 151352 137468 
137945 168110 149057 144335 154949 150982 136090 135451 156643 136242 144298 158702 136805 149155 143715 145892 155282 159358 155048 143295 157857 161292 134127 177655 140813 136478 157131 145007 156770 154114 139106 154495 143675 145143 157929 153007 133047 138253 159662 150776 145864 130581 132677 123067 159307 168241 141862 123923 139356 160869 154527 140808 152008 155856 146889 151234 150171 145168 167772 150707 157055 161596 143334 134576 
153404 164549 160869 166080 166320 142391 143623 137765 152810 123723 142251 157801 149509 152506 134732 138693 144315 158027 154475 132805 159076 154643 141004 174936 152035 131901 142240 153215 157004 146833 129062 160893 150357 137971 162389 175684 132435 141260 165843 168871 139256 149386 150698 119256 139152 164079 141417 124968 149713 172212 143925 141598 164615 136316 154729 166067 147255 141153 156306 153427 154032 146977 148426 138963 
124895 163786 148168 154077 152737 122460 154939 131775 140385 123312 133710 156075 136235 139143 142773 126259 146096 153669 137311 132706 150400 138642 125066 168093 142707 126975 152762 129844 151172 146717 125788 144014 139178 129757 154302 160636 126242 123536 152096 152763 126299 141648 142754 111589 129734 153922 127135 112853 138180 155604 125598 120817 150592 157733 145213 150565 141228 135738 159126 138998 152809 143276 138080 131845 
148613 158496 151370 157858 156684 137939 151878 146232 148688 132434 133498 148957 140395 140272 140592 135187 148610 163861 157147 148140 159912 158537 146726 163747 146935 133323 136898 148791 156710 154783 135520 148212 154939 124428 160431 173946 136750 151064 162194 174321 142788 147561 137632 118661 133382 147568 144339 138908 144075 166714 147883 146152 153138 141457 157639 166482 145014 140211 161723 145865 167937 150267 146342 150185 
166094 178398 169478 168316 188899 170341 162368 156900 180480 152358 164396 175848 157188 172952 152064 158310 181326 184369 175061 152967 171605 190115 151029 198643 169390 149565 167024 159126 177451 174653 151226 178327 161732 157543 170310 200205 151522 158488 178663 192036 162352 161594 170987 136394 162682 179236 150657 154268 164061 181376 162426 159119 178399 162934 160546 184336 171444 160074 193689 177493 167839 169686 161571 155479 
162202 172757 175378 168683 178222 150070 164458 147202 173452 139172 156778 178209 155925 147549 154650 144537 169037 177485 165478 160352 167932 174637 148350 180469 176015 152602 156440 159743 172785 159471 142099 163073 155101 147719 180792 198676 151862 152452 165878 178172 158310 163117 168886 125827 156013 178023 153022 143931 161105 171582 151950 141652 182746 167007 172291 181506 165734 152596 197391 176458 181750 157675 159229 150474 
161139 173523 159894 156802 157647 150017 148445 153619 157630 137575 157096 174030 142081 158563 148936 133556 173802 184078 158920 147093 166755 173984 141878 176469 158880 131547 154703 149978 168880 156285 145789 161647 157597 146931 165485 168952 144560 147700 174349 170292 144886 144194 153376 132329 157014 178399 143613 137214 152217 165835 151150 143960 156933 155325 159375 171294 150645 132142 164781 162202 159618 161135 150323 138828 
155025 160670 155038 168915 162737 144876 146021 140647 165705 138368 145801 172008 142116 153216 149476 147164 172799 161070 152088 158526 165627 163106 137142 179583 145287 126968 158485 160960 166435 158935 151662 158628 148566 148015 165839 178001 131452 149916 166944 187199 150921 144724 152122 126847 148233 172323 144573 136942 141759 185112 152474 157391 170129 156836 157642 169866 158631 154671 169256 158226 164227 149272 150172 151619 
127836 140924 142441 141622 150781 142474 140771 138365 149452 123412 136473 149883 128416 139788 156225 135408 144305 146880 140813 142648 140033 161356 126776 157437 141877 117476 132137 126836 152292 135072 119822 146596 155052 137282 141694 160083 120443 139894 159365 144507 139970 141988 135589 94316 132580 133821 123202 127287 130476 163009 130816 137974 149691 128402 139088 154875 127598 129927 153563 149996 147999 136937 136240 132499 
132982 144869 151765 152393 151199 142868 148434 136768 152346 125687 147276 159267 140100 161037 154821 141508 148384 165188 154803 148004 149732 166682 132123 169129 142588 132578 153926 137484 151709 152448 141688 149686 147789 148832 146434 162077 128349 151715 157544 152695 140124 141879 133375 109903 152381 164343 137231 131015 149147 176965 142208 143204 155325 141357 154258 154140 125460 151620 162913 149021 158272 149989 134837 151295 
147986 179730 171982 169349 183427 153403 166410 167349 174410 142320 155945 173446 156728 157270 160921 145478 166652 187490 165771 166923 168836 185181 148804 184007 174179 143252 157118 143596 179347 168315 149692 171309 157338 159864 162101 193182 147732 175862 158497 195712 152594 170017 156651 121351 147157 175405 143429 157218 163803 186316 156882 150096 168741 162599 169028 176657 156685 156141 180617 172926 169523 161065 159418 154970 
157336 184043 166684 168768 175397 161251 162727 156577 173923 158932 154608 174345 150210 151906 161311 158932 172645 175635 172280 168324 173984 172329 153361 186140 162506 130045 167864 146774 175979 166157 149945 172699 165917 163630 174297 184548 140214 155648 181706 183101 159650 155831 160371 133112 156250 167825 138103 129921 138258 187483 154104 151135 178344 172826 165482 172457 164891 155532 189902 166492 165161 166576 154893 152631 
147710 173292 163021 164202 168857 140578 160980 138418 166217 127965 152458 175781 138369 150013 152095 140554 165071 172180 153847 156300 159615 159900 138109 189872 162938 135601 151755 158237 156490 163177 149662 158978 141828 139196 155593 178551 153375 156197 166308 185514 145181 147497 158833 116664 138438 154975 144871 138865 140331 175639 147701 142478 164693 162552 159557 164879 157156 148205 164518 161675 157059 144724 138731 148288 
132906 164056 141839 147452 149726 140291 135591 120839 152286 111038 139162 154496 138978 138608 140004 134465 139607 154003 146822 146436 142869 158238 133569 161316 148918 128120 133291 140418 140894 154911 132531 154166 141797 143257 145796 155027 133927 139744 157632 152023 135733 135081 123949 109535 140446 153577 124476 122746 135269 155535 136142 134848 147798 130689 148704 152486 146658 139790 157129 146519 143597 148467 125525 134518 
141330 143251 155399 159385 164891 135073 134718 142059 161673 121189 141783 150475 137640 138200 147548 130597 159916 139908 133516 129670 148955 133996 129798 173951 145539 140923 147474 142198 164293 131738 131425 154016 131578 151156 150964 168018 135311 148280 144705 163374 147502 127181 136554 106970 133452 154171 137359 136488 124379 171806 136410 132820 145365 139705 149481 157842 137742 150690 145839 137426 153814 149822 150872 139596 
175374 186732 175603 179150 190401 176741 176573 158768 169562 151022 169684 182352 158868 166428 173443 156708 177721 191387 172751 166963 185099 180940 156193 205942 178120 158497 175628 178325 167765 178167 165785 164632 179524 144614 174818 198305 167497 171725 191463 204737 158393 164291 167874 130132 159643 165856 146294 153908 157552 194471 176076 160773 179050 173768 172818 193247 173518 159414 182929 178908 166710 167305 166274 157451 
164424 182929 164181 174167 182967 164344 169797 151178 176441 128715 174341 187636 161142 153631 160898 157401 169451 192730 170238 151507 173367 185694 160403 196670 175819 143959 155613 159695 179288 178898 153108 168610 158429 165041 165370 180744 158370 151017 176602 181003 166004 158162 162533 132893 156431 178558 150072 147192 162876 188094 158870 148798 168964 173536 171162 180715 169564 154991 181640 168231 176315 172671 154609 153486 
165024 175412 161055 162419 159036 158963 164097 152504 163539 133845 150594 180691 140902 154247 158922 140841 177712 184812 165477 159008 160434 186498 149138 186423 164121 138368 159338 163244 150007 166426 151259 172907 159668 147952 161620 181657 144456 161716 181268 176056 154932 164630 155776 122237 159177 180659 153885 150302 166076 175137 160338 152071 162529 160553 167531 172972 156930 137306 185562 168133 170711 163911 146102 156537 
138252 167846 165936 172880 175927 157423 173188 150145 175772 139828 165305 172610 148705 162198 172102 151354 169552 181083 162275 168173 169183 181573 141271 195124 175265 151356 161501 156696 170928 173693 150920 162780 161621 166348 164830 185381 148621 170804 166291 181372 169746 161307 149510 116821 146948 162735 149364 145563 145460 189477 153576 149168 169180 165158 168591 168380 153572 155978 170288 172888 159570 168243 155649 155037 
143203 175455 160240 158428 159863 139794 164642 142229 156398 129312 150616 163034 141027 141921 133433 130563 161752 176150 144473 142058 154405 147744 127495 176607 154127 134266 153317 140951 160997 149638 136085 138633 145928 144380 166643 181860 141513 135483 150629 166598 137277 138817 145546 124042 130325 164324 125241 122333 142328 176062 135417 134510 155161 154909 153118 167063 143321 149655 157705 152185 142694 148862 135191 132018 
138126 139569 139356 147630 150269 138168 153852 135910 144830 114996 140465 157822 129910 132852 151067 130407 151541 150866 121602 128567 135375 143578 126815 177796 154137 134728 143371 148304 138294 136363 126109 142961 134660 130211 150132 154110 135771 134773 144009 156897 133850 133277 141903 92164 138111 145492 129015 124043 109169 159980 123383 122844 131904 126669 131613 152516 138821 125876 137940 142041 146268 141875 131971 120476 
