0 15 58 22 64 15 58 53 75 35 81 0 10 19 46 22 8 29 76 56 38 92 98 68 81 49 25 73 0 88 2 78 0 60 6 79 84 92 9 52 63 60 15 43 64 87 72 19 13 58 53 38 70 77 68 16 26 48 97 42 11 56 21 53 
27 20 0 15 3 47 79 1 17 29 2 73 1 38 19 43 69 75 15 91 8 65 8 53 19 5 16 83 2 68 90 60 60 11 1 45 2 95 36 78 3 66 42 7 93 55 88 72 67 67 65 62 43 37 87 28 45 4 46 64 79 0 29 91 
39 90 58 24 73 60 6 77 62 40 57 33 49 57 15 58 42 50 63 19 36 9 58 73 3 51 66 33 98 5 13 55 80 79 23 87 1 61 13 74 38 30 82 31 72 51 23 12 90 72 39 89 52 38 51 90 8 23 42 85 18 97 50 26 
10 87 32 35 81 19 95 17 62 13 29 51 58 70 4 94 35 82 19 99 22 65 24 39 98 54 72 44 52 40 57 54 18 75 46 52 29 14 11 26 37 55 63 59 40 90 3 49 60 74 22 6 88 57 52 90 4 91 40 9 37 12 41 75 
38 89 50 81 32 25 19 57 37 90 10 16 7 76 56 91 66 67 40 11 95 55 0 74 54 12 67 53 34 79 6 48 31 26 98 70 3 69 75 56 93 76 63 6 66 10 13 43 9 41 82 78 86 49 23 5 59 1 39 97 5 83 28 28 
38 41 82 6 99 99 6 6 91 62 39 36 9 84 7 12 80 97 57 73 34 50 14 44 52 43 98 95 55 16 39 0 2 53 41 58 84 88 6 97 42 25 45 15 56 18 38 53 39 65 37 71 31 21 63 20 24 66 62 59 26 54 29 57 
33 73 77 97 44 3 7 45 64 36 32 61 38 58 94 80 41 94 47 99 41 62 31 98 48 69 35 2 73 46 27 35 28 91 90 56 67 97 42 3 68 16 13 11 86 72 90 34 34 86 64 26 40 83 80 51 38 79 43 74 69 71 49 52 
49 97 94 36 45 18 52 99 42 94 99 87 60 82 49 78 7 13 46 37 81 2 64 15 93 6 44 79 90 78 11 11 71 16 92 73 78 12 97 61 29 84 90 72 44 98 24 3 79 32 10 80 83 23 32 46 44 28 53 21 90 23 61 38 
97 62 70 41 10 14 6 82 62 72 98 67 38 9 21 8 99 97 8 57 44 55 27 33 57 19 13 14 41 12 90 28 1 29 50 55 69 66 3 78 7 23 97 56 30 50 33 54 46 89 39 11 24 81 48 96 21 90 63 55 9 4 38 50 
55 58 84 57 99 67 92 63 86 21 33 77 96 7 10 57 86 78 61 26 82 45 32 77 36 49 6 46 81 3 24 21 14 61 43 93 30 7 16 52 72 10 75 75 4 80 3 33 56 40 11 8 80 68 89 57 66 60 45 87 34 21 14 10 
35 20 11 36 52 2 55 72 29 65 6 17 98 2 57 18 87 29 21 6 87 0 93 71 27 89 56 21 51 72 47 44 25 38 39 20 16 6 99 61 98 25 10 18 91 35 66 15 16 53 15 38 7 29 75 35 57 44 55 20 43 75 65 63 
79 8 91 82 25 33 1 24 50 36 15 97 78 10 24 80 95 12 46 21 97 66 83 46 0 72 32 96 94 8 42 23 77 6 65 76 71 31 32 6 71 59 2 91 47 86 33 80 50 63 81 70 21 1 72 99 81 39 25 32 69 4 22 55 
66 58 21 67 80 47 37 54 25 53 74 51 48 88 17 77 12 6 28 22 42 52 79 73 51 17 23 0 74 79 31 97 22 90 70 88 10 29 46 63 56 92 83 12 68 85 70 22 0 73 69 48 16 13 3 27 91 19 81 47 50 21 38 59 
30 72 58 71 5 9 22 21 33 23 61 33 44 69 45 51 98 40 71 51 36 69 35 75 11 53 22 70 53 28 62 77 73 77 82 45 24 89 34 41 0 84 51 43 57 81 90 81 93 20 84 78 80 0 10 56 97 16 34 69 82 92 62 25 
94 62 59 54 11 64 5 6 43 7 30 73 91 47 0 53 46 88 80 28 9 98 12 0 3 63 4 7 8 62 82 20 11 50 66 29 8 44 32 96 7 90 80 27 59 21 32 31 89 1 60 71 78 42 9 49 97 49 91 51 50 51 8 97 
44 45 61 84 64 80 75 4 49 61 84 93 71 18 2 43 74 46 69 40 23 88 94 45 99 19 51 33 99 53 1 71 68 79 99 19 45 50 22 35 82 11 45 41 77 79 30 75 72 61 14 60 84 58 47 22 86 45 47 8 80 95 13 0 
9 24 43 77 5 62 64 32 80 31 5 78 37 48 47 0 68 83 19 1 72 42 52 72 50 15 26 57 73 33 5 97 47 48 27 56 21 62 77 1 67 50 54 37 35 44 1 15 32 98 51 9 39 6 88 40 5 43 16 23 35 74 46 72 
58 60 36 8 63 74 14 86 50 42 70 24 5 60 70 94 44 69 69 34 14 61 93 41 69 41 2 17 1 21 30 63 86 26 20 34 31 0 72 43 54 86 58 8 98 89 45 29 60 18 51 39 41 5 5 74 51 45 15 64 56 72 20 9 
94 50 8 69 83 2 65 66 33 41 98 94 95 72 67 42 68 58 25 34 82 99 31 70 89 59 25 29 33 88 65 46 47 43 78 32 33 1 66 66 67 51 11 69 59 26 29 54 24 52 22 15 1 41 4 67 69 4 22 74 54 61 48 56 
50 88 9 24 36 44 87 96 20 50 76 58 10 60 42 54 53 97 99 84 77 63 85 75 34 15 37 17 97 74 18 43 61 15 2 64 22 43 79 69 63 23 82 80 9 28 6 96 53 96 38 96 48 3 8 73 23 93 95 59 2 8 6 66 
1 25 72 92 16 99 81 65 3 13 59 74 55 3 68 72 31 98 93 5 29 61 67 87 81 50 39 97 54 57 42 80 54 46 42 46 49 1 49 34 93 61 82 13 29 71 95 1 32 65 24 68 76 61 10 15 63 22 43 7 9 94 40 29 
33 80 5 64 72 91 50 12 82 49 64 40 16 22 13 79 5 1 74 86 53 37 77 60 23 17 22 83 69 73 6 73 59 95 43 77 0 34 86 1 94 13 49 54 49 36 97 25 17 34 25 23 91 68 95 60 27 0 86 75 21 81 40 28 
47 43 9 85 92 75 78 35 31 80 10 76 14 17 99 16 16 32 60 23 76 65 36 39 74 72 52 23 97 52 84 51 78 4 7 51 3 94 48 94 49 47 37 81 40 6 33 39 5 23 90 30 92 80 49 42 42 1 76 40 64 50 97 42 
21 14 6 7 18 95 27 53 26 31 98 52 28 96 88 70 18 64 35 74 41 98 30 85 69 74 77 13 6 94 74 87 54 76 36 6 35 63 50 83 63 21 20 43 62 97 32 22 17 60 38 42 32 38 15 10 26 45 7 77 19 54 42 55 
35 96 14 21 25 8 82 13 43 48 90 74 34 16 91 4 55 36 80 79 94 9 97 33 22 62 90 7 97 34 76 15 55 27 69 1 23 29 82 66 24 54 39 45 39 32 77 15 57 36 94 24 61 99 45 24 58 38 76 84 37 24 30 13 
6 79 89 81 33 15 94 24 3 18 51 31 41 49 84 78 35 64 69 90 49 26 9 94 17 54 53 73 33 57 90 25 99 6 56 51 49 79 33 73 19 36 22 52 8 16 53 67 1 82 12 67 32 44 52 50 46 84 33 8 56 96 22 44 
99 16 82 78 85 17 56 75 52 62 45 55 24 42 91 4 39 56 10 36 88 27 7 79 99 66 66 73 64 86 2 28 36 86 94 88 64 57 22 90 88 64 83 74 42 99 74 69 27 85 37 90 32 56 34 97 33 69 44 24 97 19 95 71 
70 48 93 49 83 62 22 72 40 14 10 42 43 46 79 30 29 75 48 50 79 59 58 56 86 86 13 48 33 81 28 57 42 21 7 30 81 97 41 99 72 63 30 13 29 34 67 70 33 14 61 68 45 21 76 55 60 78 29 10 14 76 48 23 
16 7 14 91 30 87 32 11 58 89 88 0 49 79 69 94 56 11 15 28 73 29 11 98 30 48 28 89 52 70 35 32 81 95 1 76 74 45 23 8 69 55 28 78 20 17 15 44 3 30 65 71 61 40 58 26 55 61 9 40 66 39 81 20 
91 89 2 22 22 45 70 33 73 3 86 76 8 57 75 46 93 76 38 57 56 39 23 61 75 49 78 91 27 33 65 14 4 93 41 21 60 66 90 35 55 22 31 16 65 80 45 42 26 73 74 93 18 11 18 6 47 6 79 22 11 83 40 11 
30 29 89 53 52 63 7 83 72 33 8 4 82 87 84 69 65 21 30 5 36 39 63 48 22 22 69 13 83 49 54 71 38 71 35 85 99 66 39 64 29 87 27 6 76 82 27 81 36 82 64 65 69 23 31 54 4 71 66 51 71 89 82 68 
7 23 75 67 41 6 9 83 89 25 58 48 45 99 95 8 75 98 92 93 36 83 16 23 42 1 16 15 84 14 61 35 15 87 18 87 17 48 75 81 93 79 15 1 1 80 82 68 69 77 13 45 16 58 83 19 17 49 94 66 95 80 61 60 
47 65 74 22 33 57 47 44 41 97 11 11 59 26 5 17 87 60 68 60 19 53 54 11 24 29 28 16 30 6 54 78 80 33 94 80 30 93 2 70 12 38 44 1 0 34 5 73 56 23 18 22 62 41 49 56 97 12 84 34 14 81 53 83 
68 45 27 6 83 48 49 49 68 54 21 36 38 79 18 37 26 80 87 26 42 99 44 43 31 9 20 58 89 97 40 32 81 54 93 55 37 28 44 94 43 47 19 79 27 55 87 33 36 86 40 71 49 9 34 24 9 42 57 26 73 96 32 62 
90 48 0 81 99 3 94 42 26 12 50 58 45 31 6 40 96 41 11 61 57 28 87 75 36 22 73 82 44 19 10 48 2 38 84 67 45 8 55 99 17 15 65 14 14 50 40 28 39 85 45 31 86 96 51 63 73 41 10 38 95 38 2 75 
11 94 67 63 19 82 64 12 51 13 12 74 19 62 33 7 13 65 66 48 30 42 27 84 80 39 19 76 18 86 9 67 77 0 53 52 97 62 4 48 13 39 53 3 15 3 51 23 99 53 16 6 17 19 87 42 58 45 8 73 34 48 52 9 
51 72 66 11 56 36 37 15 12 36 32 29 87 27 16 73 27 46 70 29 60 57 70 9 50 30 84 24 23 79 67 7 32 30 97 20 26 17 99 93 48 79 23 56 49 26 17 59 91 6 85 48 31 45 86 24 42 0 76 64 48 39 42 89 
29 66 16 84 1 50 8 77 45 82 12 73 0 42 14 38 56 48 95 85 86 86 48 11 31 2 79 29 90 82 49 68 75 26 28 35 13 77 51 18 27 29 4 99 62 74 43 55 99 93 81 58 23 93 49 57 23 56 77 32 80 0 39 82 
6 8 65 50 61 77 67 0 92 34 30 74 59 32 59 5 82 64 25 65 48 90 21 89 88 24 0 33 50 82 38 50 73 31 7 89 79 0 90 30 64 89 43 32 34 21 6 10 10 88 32 11 52 36 24 62 11 76 89 58 74 37 2 9 
82 74 22 95 96 18 22 10 45 7 77 84 78 70 34 5 43 68 30 58 79 21 63 56 5 53 51 49 79 14 74 27 62 50 52 66 33 8 80 57 8 16 81 34 31 92 56 86 90 10 50 44 26 48 82 91 99 19 11 69 40 75 47 41 
20 85 71 24 53 71 25 9 63 49 90 33 99 80 5 73 58 33 63 49 56 13 56 29 67 11 19 20 49 34 96 91 60 79 12 21 81 13 93 43 67 35 24 56 72 53 0 2 8 48 27 18 99 91 36 46 61 73 14 55 53 69 31 73 
41 57 77 17 25 15 74 94 12 25 63 24 27 51 57 18 60 99 47 58 60 91 44 19 55 44 92 38 20 40 85 3 48 16 64 76 74 43 40 40 25 99 27 38 76 98 37 47 69 0 76 19 98 98 87 90 39 32 95 75 74 92 71 13 
36 93 8 85 92 2 45 35 77 13 19 47 58 25 27 25 9 47 13 11 13 35 4 77 86 71 65 90 16 49 98 67 1 32 28 82 4 28 28 53 86 52 16 10 52 92 98 67 66 84 35 44 45 37 87 74 4 90 77 67 71 53 66 57 
78 13 77 16 82 80 97 35 15 17 98 99 46 43 88 31 12 54 48 4 49 81 10 72 80 50 40 18 81 80 33 25 47 54 8 6 17 90 56 4 38 37 38 22 90 17 2 57 58 43 67 94 78 26 22 72 19 87 57 10 62 7 23 94 
62 28 65 35 75 23 33 73 38 62 2 83 83 99 52 38 75 12 22 45 48 23 31 36 9 28 86 88 27 33 17 55 5 77 66 43 85 19 3 50 65 1 93 1 18 73 35 98 73 11 28 9 34 89 77 27 40 48 38 11 95 94 54 80 
45 5 65 84 94 10 38 77 43 23 62 12 60 30 44 30 23 1 57 9 64 11 63 1 97 93 64 8 47 3 54 76 31 13 94 65 38 36 65 40 25 31 51 16 58 23 63 37 84 50 14 47 95 22 37 23 13 64 66 13 93 36 67 70 
24 61 30 44 12 27 69 86 36 10 87 91 39 56 99 2 87 49 13 75 21 63 71 21 0 89 83 84 40 17 15 61 92 87 90 86 51 58 5 9 40 34 37 4 19 92 13 20 42 68 16 54 0 58 99 81 85 44 87 52 11 16 3 41 
93 37 99 62 96 82 3 30 64 10 41 86 56 57 82 65 6 72 82 96 32 45 49 66 12 11 15 39 56 15 75 74 79 40 37 30 24 28 71 83 10 14 56 33 74 39 5 25 63 83 31 57 73 14 39 88 76 98 78 66 87 91 76 81 
68 65 45 36 30 73 89 75 55 80 17 69 56 77 82 32 13 56 34 56 46 87 70 52 79 29 81 32 25 7 7 71 79 11 61 59 46 5 76 13 23 97 95 26 78 85 39 34 72 0 3 13 39 3 78 94 26 71 82 93 79 72 47 27 
1 44 38 0 85 50 70 78 91 63 72 31 10 51 72 52 43 72 70 60 57 69 33 92 23 8 94 8 1 85 47 49 35 79 26 48 29 82 49 78 41 94 4 22 49 48 39 11 42 41 42 92 47 91 33 9 37 88 78 44 67 68 9 26 
29 89 5 46 91 63 20 78 98 33 90 93 25 50 62 72 32 14 3 28 25 84 33 83 76 47 90 65 82 12 82 67 41 34 99 5 59 88 18 89 19 0 67 4 20 5 29 99 14 96 42 13 29 41 11 93 71 97 0 30 68 50 71 15 
22 89 63 24 85 44 69 28 20 20 21 42 26 17 33 26 59 63 52 71 37 85 31 47 56 16 33 37 84 6 53 96 71 53 0 9 47 6 77 12 21 13 11 91 34 90 83 52 82 6 82 68 12 59 88 64 54 4 11 30 68 15 81 14 
90 85 70 83 49 56 83 23 14 28 36 60 36 20 44 69 65 54 16 12 19 0 18 91 57 87 34 15 60 59 54 83 8 77 5 5 46 96 47 59 36 9 46 99 70 84 54 71 81 23 16 1 38 70 54 6 75 34 7 28 51 19 67 85 
98 73 90 89 33 62 63 72 27 88 25 15 86 59 63 19 54 23 73 84 43 10 82 53 30 29 58 95 4 10 79 90 93 32 17 89 48 86 95 88 11 82 38 19 41 27 47 25 14 70 95 39 74 60 97 70 10 1 8 81 3 18 56 33 
33 3 35 36 67 65 90 38 79 49 98 21 96 2 54 71 57 43 16 72 50 96 82 49 63 65 55 14 74 44 13 23 81 64 46 11 77 89 50 22 72 79 17 2 46 3 48 93 61 91 69 47 47 84 23 82 21 39 14 76 83 33 96 12 
95 92 33 38 75 64 80 75 52 44 14 48 45 8 63 28 29 2 38 88 46 19 24 35 96 37 52 74 42 24 11 47 44 6 94 92 32 1 90 72 69 13 65 22 46 56 15 9 20 87 84 62 73 89 12 43 90 78 82 71 67 2 67 10 
84 18 9 76 14 41 74 55 12 1 53 42 4 96 88 63 58 37 51 32 13 90 31 81 3 44 11 89 12 71 73 1 25 36 26 79 78 64 83 78 94 5 69 34 3 6 98 67 36 54 45 42 29 33 13 88 44 3 27 87 20 24 40 43 
14 3 68 13 0 68 63 2 82 26 66 88 48 85 3 27 88 52 30 21 13 82 16 58 55 60 80 79 70 21 99 94 34 15 73 30 24 8 3 21 36 0 70 68 83 82 35 4 0 65 73 14 79 37 29 98 26 79 66 49 20 58 81 11 
67 75 63 54 96 77 27 47 77 40 45 66 22 14 38 26 18 77 62 43 66 1 86 73 45 85 70 59 72 84 47 3 80 1 66 72 95 46 94 81 31 44 45 55 43 32 33 81 23 27 60 22 3 94 67 65 92 25 93 31 72 90 58 82 
86 14 76 71 23 7 6 11 91 83 48 32 94 1 62 87 83 71 62 9 94 43 33 41 72 45 35 56 78 81 40 69 4 77 74 99 70 71 37 56 63 79 71 60 39 1 34 75 27 15 54 59 52 9 80 44 81 14 92 92 81 13 40 46 
51 93 63 17 48 31 12 7 70 2 12 99 33 69 76 59 85 67 60 48 62 83 15 87 39 9 60 48 17 96 10 78 85 26 55 41 75 58 93 4 3 71 80 36 71 59 27 10 89 71 21 66 84 91 28 60 85 33 92 32 91 9 32 38 
91 50 52 89 97 88 76 19 39 61 49 20 53 56 1 13 54 25 61 14 63 45 44 88 87 63 37 81 99 24 7 96 76 58 32 99 71 65 86 77 53 33 46 91 34 41 70 11 35 48 50 4 55 35 93 66 66 39 27 43 10 6 97 2 
0 2 97 81 57 46 82 74 97 62 4 57 26 6 53 84 67 11 67 55 34 10 4 35 52 69 81 8 39 56 58 5 63 75 71 97 25 13 87 70 46 86 67 18 1 15 69 0 13 98 7 46 81 48 14 69 42 42 60 29 0 43 93 69 
8 80 9 12 28 87 75 51 10 96 84 0 66 62 2 20 5 92 84 11 99 23 39 53 4 77 92 20 10 91 55 10 14 0 87 55 16 9 77 14 4 2 21 41 29 36 71 2 97 34 99 0 59 98 72 28 44 98 99 73 18 13 37 5 
