0 15 58 22 64 15 58 53 75 35 81 0 10 19 46 22 8 29 76 56 38 92 98 68 81 49 25 73 0 88 2 78 0 60 6 79 84 92 9 52 63 60 15 43 64 87 72 19 13 58 53 38 70 77 68 16 26 48 97 42 11 56 21 53 27 20 0 15 3 47 79 1 17 29 2 73 1 38 19 43 69 75 15 91 8 65 8 53 19 5 16 83 2 68 90 60 60 11 1 45 2 95 36 78 3 66 42 7 93 55 88 72 67 67 65 62 43 37 87 28 45 4 46 64 79 0 29 91 
39 90 58 24 73 60 6 77 62 40 57 33 49 57 15 58 42 50 63 19 36 9 58 73 3 51 66 33 98 5 13 55 80 79 23 87 1 61 13 74 38 30 82 31 72 51 23 12 90 72 39 89 52 38 51 90 8 23 42 85 18 97 50 26 10 87 32 35 81 19 95 17 62 13 29 51 58 70 4 94 35 82 19 99 22 65 24 39 98 54 72 44 52 40 57 54 18 75 46 52 29 14 11 26 37 55 63 59 40 90 3 49 60 74 22 6 88 57 52 90 4 91 40 9 37 12 41 75 
38 89 50 81 32 25 19 57 37 90 10 16 7 76 56 91 66 67 40 11 95 55 0 74 54 12 67 53 34 79 6 48 31 26 98 70 3 69 75 56 93 76 63 6 66 10 13 43 9 41 82 78 86 49 23 5 59 1 39 97 5 83 28 28 38 41 82 6 99 99 6 6 91 62 39 36 9 84 7 12 80 97 57 73 34 50 14 44 52 43 98 95 55 16 39 0 2 53 41 58 84 88 6 97 42 25 45 15 56 18 38 53 39 65 37 71 31 21 63 20 24 66 62 59 26 54 29 57 
33 73 77 97 44 3 7 45 64 36 32 61 38 58 94 80 41 94 47 99 41 62 31 98 48 69 35 2 73 46 27 35 28 91 90 56 67 97 42 3 68 16 13 11 86 72 90 34 34 86 64 26 40 83 80 51 38 79 43 74 69 71 49 52 49 97 94 36 45 18 52 99 42 94 99 87 60 82 49 78 7 13 46 37 81 2 64 15 93 6 44 79 90 78 11 11 71 16 92 73 78 12 97 61 29 84 90 72 44 98 24 3 79 32 10 80 83 23 32 46 44 28 53 21 90 23 61 38 
97 62 70 41 10 14 6 82 62 72 98 67 38 9 21 8 99 97 8 57 44 55 27 33 57 19 13 14 41 12 90 28 1 29 50 55 69 66 3 78 7 23 97 56 30 50 33 54 46 89 39 11 24 81 48 96 21 90 63 55 9 4 38 50 55 58 84 57 99 67 92 63 86 21 33 77 96 7 10 57 86 78 61 26 82 45 32 77 36 49 6 46 81 3 24 21 14 61 43 93 30 7 16 52 72 10 75 75 4 80 3 33 56 40 11 8 80 68 89 57 66 60 45 87 34 21 14 10 
35 20 11 36 52 2 55 72 29 65 6 17 98 2 57 18 87 29 21 6 87 0 93 71 27 89 56 21 51 72 47 44 25 38 39 20 16 6 99 61 98 25 10 18 91 35 66 15 16 53 15 38 7 29 75 35 57 44 55 20 43 75 65 63 79 8 91 82 25 33 1 24 50 36 15 97 78 10 24 80 95 12 46 21 97 66 83 46 0 72 32 96 94 8 42 23 77 6 65 76 71 31 32 6 71 59 2 91 47 86 33 80 50 63 81 70 21 1 72 99 81 39 25 32 69 4 22 55 
66 58 21 67 80 47 37 54 25 53 74 51 48 88 17 77 12 6 28 22 42 52 79 73 51 17 23 0 74 79 31 97 22 90 70 88 10 29 46 63 56 92 83 12 68 85 70 22 0 73 69 48 16 13 3 27 91 19 81 47 50 21 38 59 30 72 58 71 5 9 22 21 33 23 61 33 44 69 45 51 98 40 71 51 36 69 35 75 11 53 22 70 53 28 62 77 73 77 82 45 24 89 34 41 0 84 51 43 57 81 90 81 93 20 84 78 80 0 10 56 97 16 34 69 82 92 62 25 
94 62 59 54 11 64 5 6 43 7 30 73 91 47 0 53 46 88 80 28 9 98 12 0 3 63 4 7 8 62 82 20 11 50 66 29 8 44 32 96 7 90 80 27 59 21 32 31 89 1 60 71 78 42 9 49 97 49 91 51 50 51 8 97 44 45 61 84 64 80 75 4 49 61 84 93 71 18 2 43 74 46 69 40 23 88 94 45 99 19 51 33 99 53 1 71 68 79 99 19 45 50 22 35 82 11 45 41 77 79 30 75 72 61 14 60 84 58 47 22 86 45 47 8 80 95 13 0 
9 24 43 77 5 62 64 32 80 31 5 78 37 48 47 0 68 83 19 1 72 42 52 72 50 15 26 57 73 33 5 97 47 48 27 56 21 62 77 1 67 50 54 37 35 44 1 15 32 98 51 9 39 6 88 40 5 43 16 23 35 74 46 72 58 60 36 8 63 74 14 86 50 42 70 24 5 60 70 94 44 69 69 34 14 61 93 41 69 41 2 17 1 21 30 63 86 26 20 34 31 0 72 43 54 86 58 8 98 89 45 29 60 18 51 39 41 5 5 74 51 45 15 64 56 72 20 9 
94 50 8 69 83 2 65 66 33 41 98 94 95 72 67 42 68 58 25 34 82 99 31 70 89 59 25 29 33 88 65 46 47 43 78 32 33 1 66 66 67 51 11 69 59 26 29 54 24 52 22 15 1 41 4 67 69 4 22 74 54 61 48 56 50 88 9 24 36 44 87 96 20 50 76 58 10 60 42 54 53 97 99 84 77 63 85 75 34 15 37 17 97 74 18 43 61 15 2 64 22 43 79 69 63 23 82 80 9 28 6 96 53 96 38 96 48 3 8 73 23 93 95 59 2 8 6 66 
1 25 72 92 16 99 81 65 3 13 59 74 55 3 68 72 31 98 93 5 29 61 67 87 81 50 39 97 54 57 42 80 54 46 42 46 49 1 49 34 93 61 82 13 29 71 95 1 32 65 24 68 76 61 10 15 63 22 43 7 9 94 40 29 33 80 5 64 72 91 50 12 82 49 64 40 16 22 13 79 5 1 74 86 53 37 77 60 23 17 22 83 69 73 6 73 59 95 43 77 0 34 86 1 94 13 49 54 49 36 97 25 17 34 25 23 91 68 95 60 27 0 86 75 21 81 40 28 
47 43 9 85 92 75 78 35 31 80 10 76 14 17 99 16 16 32 60 23 76 65 36 39 74 72 52 23 97 52 84 51 78 4 7 51 3 94 48 94 49 47 37 81 40 6 33 39 5 23 90 30 92 80 49 42 42 1 76 40 64 50 97 42 21 14 6 7 18 95 27 53 26 31 98 52 28 96 88 70 18 64 35 74 41 98 30 85 69 74 77 13 6 94 74 87 54 76 36 6 35 63 50 83 63 21 20 43 62 97 32 22 17 60 38 42 32 38 15 10 26 45 7 77 19 54 42 55 
35 96 14 21 25 8 82 13 43 48 90 74 34 16 91 4 55 36 80 79 94 9 97 33 22 62 90 7 97 34 76 15 55 27 69 1 23 29 82 66 24 54 39 45 39 32 77 15 57 36 94 24 61 99 45 24 58 38 76 84 37 24 30 13 6 79 89 81 33 15 94 24 3 18 51 31 41 49 84 78 35 64 69 90 49 26 9 94 17 54 53 73 33 57 90 25 99 6 56 51 49 79 33 73 19 36 22 52 8 16 53 67 1 82 12 67 32 44 52 50 46 84 33 8 56 96 22 44 
99 16 82 78 85 17 56 75 52 62 45 55 24 42 91 4 39 56 10 36 88 27 7 79 99 66 66 73 64 86 2 28 36 86 94 88 64 57 22 90 88 64 83 74 42 99 74 69 27 85 37 90 32 56 34 97 33 69 44 24 97 19 95 71 70 48 93 49 83 62 22 72 40 14 10 42 43 46 79 30 29 75 48 50 79 59 58 56 86 86 13 48 33 81 28 57 42 21 7 30 81 97 41 99 72 63 30 13 29 34 67 70 33 14 61 68 45 21 76 55 60 78 29 10 14 76 48 23 
16 7 14 91 30 87 32 11 58 89 88 0 49 79 69 94 56 11 15 28 73 29 11 98 30 48 28 89 52 70 35 32 81 95 1 76 74 45 23 8 69 55 28 78 20 17 15 44 3 30 65 71 61 40 58 26 55 61 9 40 66 39 81 20 91 89 2 22 22 45 70 33 73 3 86 76 8 57 75 46 93 76 38 57 56 39 23 61 75 49 78 91 27 33 65 14 4 93 41 21 60 66 90 35 55 22 31 16 65 80 45 42 26 73 74 93 18 11 18 6 47 6 79 22 11 83 40 11 
30 29 89 53 52 63 7 83 72 33 8 4 82 87 84 69 65 21 30 5 36 39 63 48 22 22 69 13 83 49 54 71 38 71 35 85 99 66 39 64 29 87 27 6 76 82 27 81 36 82 64 65 69 23 31 54 4 71 66 51 71 89 82 68 7 23 75 67 41 6 9 83 89 25 58 48 45 99 95 8 75 98 92 93 36 83 16 23 42 1 16 15 84 14 61 35 15 87 18 87 17 48 75 81 93 79 15 1 1 80 82 68 69 77 13 45 16 58 83 19 17 49 94 66 95 80 61 60 
47 65 74 22 33 57 47 44 41 97 11 11 59 26 5 17 87 60 68 60 19 53 54 11 24 29 28 16 30 6 54 78 80 33 94 80 30 93 2 70 12 38 44 1 0 34 5 73 56 23 18 22 62 41 49 56 97 12 84 34 14 81 53 83 68 45 27 6 83 48 49 49 68 54 21 36 38 79 18 37 26 80 87 26 42 99 44 43 31 9 20 58 89 97 40 32 81 54 93 55 37 28 44 94 43 47 19 79 27 55 87 33 36 86 40 71 49 9 34 24 9 42 57 26 73 96 32 62 
90 48 0 81 99 3 94 42 26 12 50 58 45 31 6 40 96 41 11 61 57 28 87 75 36 22 73 82 44 19 10 48 2 38 84 67 45 8 55 99 17 15 65 14 14 50 40 28 39 85 45 31 86 96 51 63 73 41 10 38 95 38 2 75 11 94 67 63 19 82 64 12 51 13 12 74 19 62 33 7 13 65 66 48 30 42 27 84 80 39 19 76 18 86 9 67 77 0 53 52 97 62 4 48 13 39 53 3 15 3 51 23 99 53 16 6 17 19 87 42 58 45 8 73 34 48 52 9 
51 72 66 11 56 36 37 15 12 36 32 29 87 27 16 73 27 46 70 29 60 57 70 9 50 30 84 24 23 79 67 7 32 30 97 20 26 17 99 93 48 79 23 56 49 26 17 59 91 6 85 48 31 45 86 24 42 0 76 64 48 39 42 89 29 66 16 84 1 50 8 77 45 82 12 73 0 42 14 38 56 48 95 85 86 86 48 11 31 2 79 29 90 82 49 68 75 26 28 35 13 77 51 18 27 29 4 99 62 74 43 55 99 93 81 58 23 93 49 57 23 56 77 32 80 0 39 82 
6 8 65 50 61 77 67 0 92 34 30 74 59 32 59 5 82 64 25 65 48 90 21 89 88 24 0 33 50 82 38 50 73 31 7 89 79 0 90 30 64 89 43 32 34 21 6 10 10 88 32 11 52 36 24 62 11 76 89 58 74 37 2 9 82 74 22 95 96 18 22 10 45 7 77 84 78 70 34 5 43 68 30 58 79 21 63 56 5 53 51 49 79 14 74 27 62 50 52 66 33 8 80 57 8 16 81 34 31 92 56 86 90 10 50 44 26 48 82 91 99 19 11 69 40 75 47 41 
20 85 71 24 53 71 25 9 63 49 90 33 99 80 5 73 58 33 63 49 56 13 56 29 67 11 19 20 49 34 96 91 60 79 12 21 81 13 93 43 67 35 24 56 72 53 0 2 8 48 27 18 99 91 36 46 61 73 14 55 53 69 31 73 41 57 77 17 25 15 74 94 12 25 63 24 27 51 57 18 60 99 47 58 60 91 44 19 55 44 92 38 20 40 85 3 48 16 64 76 74 43 40 40 25 99 27 38 76 98 37 47 69 0 76 19 98 98 87 90 39 32 95 75 74 92 71 13 
36 93 8 85 92 2 45 35 77 13 19 47 58 25 27 25 9 47 13 11 13 35 4 77 86 71 65 90 16 49 98 67 1 32 28 82 4 28 28 53 86 52 16 10 52 92 98 67 66 84 35 44 45 37 87 74 4 90 77 67 71 53 66 57 78 13 77 16 82 80 97 35 15 17 98 99 46 43 88 31 12 54 48 4 49 81 10 72 80 50 40 18 81 80 33 25 47 54 8 6 17 90 56 4 38 37 38 22 90 17 2 57 58 43 67 94 78 26 22 72 19 87 57 10 62 7 23 94 
62 28 65 35 75 23 33 73 38 62 2 83 83 99 52 38 75 12 22 45 48 23 31 36 9 28 86 88 27 33 17 55 5 77 66 43 85 19 3 50 65 1 93 1 18 73 35 98 73 11 28 9 34 89 77 27 40 48 38 11 95 94 54 80 45 5 65 84 94 10 38 77 43 23 62 12 60 30 44 30 23 1 57 9 64 11 63 1 97 93 64 8 47 3 54 76 31 13 94 65 38 36 65 40 25 31 51 16 58 23 63 37 84 50 14 47 95 22 37 23 13 64 66 13 93 36 67 70 
24 61 30 44 12 27 69 86 36 10 87 91 39 56 99 2 87 49 13 75 21 63 71 21 0 89 83 84 40 17 15 61 92 87 90 86 51 58 5 9 40 34 37 4 19 92 13 20 42 68 16 54 0 58 99 81 85 44 87 52 11 16 3 41 93 37 99 62 96 82 3 30 64 10 41 86 56 57 82 65 6 72 82 96 32 45 49 66 12 11 15 39 56 15 75 74 79 40 37 30 24 28 71 83 10 14 56 33 74 39 5 25 63 83 31 57 73 14 39 88 76 98 78 66 87 91 76 81 
68 65 45 36 30 73 89 75 55 80 17 69 56 77 82 32 13 56 34 56 46 87 70 52 79 29 81 32 25 7 7 71 79 11 61 59 46 5 76 13 23 97 95 26 78 85 39 34 72 0 3 13 39 3 78 94 26 71 82 93 79 72 47 27 1 44 38 0 85 50 70 78 91 63 72 31 10 51 72 52 43 72 70 60 57 69 33 92 23 8 94 8 1 85 47 49 35 79 26 48 29 82 49 78 41 94 4 22 49 48 39 11 42 41 42 92 47 91 33 9 37 88 78 44 67 68 9 26 
29 89 5 46 91 63 20 78 98 33 90 93 25 50 62 72 32 14 3 28 25 84 33 83 76 47 90 65 82 12 82 67 41 34 99 5 59 88 18 89 19 0 67 4 20 5 29 99 14 96 42 13 29 41 11 93 71 97 0 30 68 50 71 15 22 89 63 24 85 44 69 28 20 20 21 42 26 17 33 26 59 63 52 71 37 85 31 47 56 16 33 37 84 6 53 96 71 53 0 9 47 6 77 12 21 13 11 91 34 90 83 52 82 6 82 68 12 59 88 64 54 4 11 30 68 15 81 14 
90 85 70 83 49 56 83 23 14 28 36 60 36 20 44 69 65 54 16 12 19 0 18 91 57 87 34 15 60 59 54 83 8 77 5 5 46 96 47 59 36 9 46 99 70 84 54 71 81 23 16 1 38 70 54 6 75 34 7 28 51 19 67 85 98 73 90 89 33 62 63 72 27 88 25 15 86 59 63 19 54 23 73 84 43 10 82 53 30 29 58 95 4 10 79 90 93 32 17 89 48 86 95 88 11 82 38 19 41 27 47 25 14 70 95 39 74 60 97 70 10 1 8 81 3 18 56 33 
33 3 35 36 67 65 90 38 79 49 98 21 96 2 54 71 57 43 16 72 50 96 82 49 63 65 55 14 74 44 13 23 81 64 46 11 77 89 50 22 72 79 17 2 46 3 48 93 61 91 69 47 47 84 23 82 21 39 14 76 83 33 96 12 95 92 33 38 75 64 80 75 52 44 14 48 45 8 63 28 29 2 38 88 46 19 24 35 96 37 52 74 42 24 11 47 44 6 94 92 32 1 90 72 69 13 65 22 46 56 15 9 20 87 84 62 73 89 12 43 90 78 82 71 67 2 67 10 
84 18 9 76 14 41 74 55 12 1 53 42 4 96 88 63 58 37 51 32 13 90 31 81 3 44 11 89 12 71 73 1 25 36 26 79 78 64 83 78 94 5 69 34 3 6 98 67 36 54 45 42 29 33 13 88 44 3 27 87 20 24 40 43 14 3 68 13 0 68 63 2 82 26 66 88 48 85 3 27 88 52 30 21 13 82 16 58 55 60 80 79 70 21 99 94 34 15 73 30 24 8 3 21 36 0 70 68 83 82 35 4 0 65 73 14 79 37 29 98 26 79 66 49 20 58 81 11 
67 75 63 54 96 77 27 47 77 40 45 66 22 14 38 26 18 77 62 43 66 1 86 73 45 85 70 59 72 84 47 3 80 1 66 72 95 46 94 81 31 44 45 55 43 32 33 81 23 27 60 22 3 94 67 65 92 25 93 31 72 90 58 82 86 14 76 71 23 7 6 11 91 83 48 32 94 1 62 87 83 71 62 9 94 43 33 41 72 45 35 56 78 81 40 69 4 77 74 99 70 71 37 56 63 79 71 60 39 1 34 75 27 15 54 59 52 9 80 44 81 14 92 92 81 13 40 46 
51 93 63 17 48 31 12 7 70 2 12 99 33 69 76 59 85 67 60 48 62 83 15 87 39 9 60 48 17 96 10 78 85 26 55 41 75 58 93 4 3 71 80 36 71 59 27 10 89 71 21 66 84 91 28 60 85 33 92 32 91 9 32 38 91 50 52 89 97 88 76 19 39 61 49 20 53 56 1 13 54 25 61 14 63 45 44 88 87 63 37 81 99 24 7 96 76 58 32 99 71 65 86 77 53 33 46 91 34 41 70 11 35 48 50 4 55 35 93 66 66 39 27 43 10 6 97 2 
0 2 97 81 57 46 82 74 97 62 4 57 26 6 53 84 67 11 67 55 34 10 4 35 52 69 81 8 39 56 58 5 63 75 71 97 25 13 87 70 46 86 67 18 1 15 69 0 13 98 7 46 81 48 14 69 42 42 60 29 0 43 93 69 8 80 9 12 28 87 75 51 10 96 84 0 66 62 2 20 5 92 84 11 99 23 39 53 4 77 92 20 10 91 55 10 14 0 87 55 16 9 77 14 4 2 21 41 29 36 71 2 97 34 99 0 59 98 72 28 44 98 99 73 18 13 37 5 
0 24 92 57 68 11 39 68 12 72 81 95 61 99 35 56 54 12 58 8 24 78 18 15 21 17 64 36 23 0 46 29 57 99 69 51 54 88 58 37 90 63 99 25 51 59 72 65 62 93 1 78 50 51 47 83 11 80 1 99 35 32 41 72 44 67 75 81 13 89 0 82 4 89 76 70 76 41 0 7 39 57 17 1 11 15 74 63 88 33 62 44 59 0 34 80 61 16 83 16 81 15 59 72 91 88 94 23 46 82 2 65 95 9 48 19 64 56 40 49 99 80 21 94 97 72 86 5 
99 55 60 21 91 30 72 59 24 71 6 69 74 48 99 27 3 38 92 97 21 20 84 28 43 61 94 6 69 16 36 31 61 12 40 98 9 23 55 76 53 97 67 81 5 4 60 26 9 5 54 29 13 22 74 32 72 98 90 73 30 96 32 83 80 63 40 4 4 97 18 7 16 60 35 84 3 58 33 93 27 85 50 29 29 28 57 31 43 66 85 22 66 6 55 45 8 28 82 66 8 75 2 49 98 53 6 3 26 50 22 94 78 57 45 85 34 5 89 20 57 92 89 74 6 22 17 80 
83 88 71 19 36 95 96 89 79 56 16 30 7 59 55 15 17 53 29 13 99 10 28 96 60 61 25 17 44 17 0 23 42 36 72 84 45 11 70 57 24 27 49 23 52 23 96 3 22 81 43 8 97 65 61 64 5 71 29 74 33 78 4 9 6 71 30 46 61 12 62 96 0 82 60 89 5 11 67 48 42 78 39 73 6 8 0 31 84 83 56 49 64 44 26 49 54 83 26 87 59 68 81 49 76 71 30 10 95 53 31 97 58 3 28 85 29 63 40 64 8 43 0 19 15 27 53 23 
99 28 30 62 63 95 97 51 27 43 42 39 49 47 34 92 0 11 13 48 12 97 50 84 35 61 79 38 44 89 94 33 1 37 22 29 16 27 12 48 84 42 59 81 84 53 47 53 3 56 75 41 30 0 96 86 24 38 89 33 39 59 51 27 98 54 21 67 15 15 51 19 3 37 59 49 95 98 73 5 16 8 79 53 81 90 76 74 19 29 46 24 94 68 25 27 70 32 91 4 37 63 42 21 8 88 66 90 33 83 58 48 13 29 15 34 41 77 22 2 57 4 4 88 10 34 88 70 
40 90 67 57 52 38 19 76 51 19 12 99 24 5 59 86 41 29 54 2 85 6 11 32 0 81 25 4 58 33 19 8 23 21 72 28 98 43 51 14 97 83 45 26 51 78 76 95 75 13 33 19 75 16 22 26 13 11 69 48 30 36 2 58 24 53 9 34 35 0 36 87 87 37 83 44 85 22 40 69 77 88 53 64 67 47 52 23 61 7 3 95 68 86 93 14 55 69 83 69 78 91 24 81 68 58 18 71 80 22 21 2 36 20 44 88 25 11 99 58 27 51 32 23 17 98 93 70 
68 8 44 48 47 49 98 55 23 51 48 29 97 94 85 88 0 54 66 43 45 57 50 70 77 76 68 60 81 39 25 88 75 63 72 69 40 52 51 75 66 67 70 51 70 32 2 76 98 97 17 49 27 36 92 13 47 1 16 3 25 51 51 9 56 35 16 55 76 53 72 59 82 17 40 50 18 21 63 44 80 99 51 33 66 43 82 4 57 93 13 1 19 59 55 5 70 27 55 11 95 25 54 87 77 50 26 31 40 66 46 51 40 69 80 51 79 48 24 58 77 34 86 50 74 7 12 54 
57 59 80 29 45 65 19 30 14 91 71 75 8 34 79 81 31 8 19 68 40 39 15 67 86 85 93 89 72 28 33 31 12 29 75 12 73 43 63 92 81 33 29 18 54 21 69 88 76 93 98 59 89 27 43 35 2 62 31 1 33 75 78 35 26 96 9 15 17 68 96 33 86 2 22 20 38 60 53 43 42 31 97 47 31 69 4 22 74 78 31 5 51 79 76 36 64 54 97 74 17 14 50 46 81 63 39 77 23 94 74 39 97 43 29 37 46 19 82 7 4 30 8 98 81 63 35 9 
40 82 34 61 50 82 83 64 1 3 15 86 53 78 46 26 41 73 93 52 51 88 84 14 24 47 15 97 35 85 92 58 88 2 37 37 79 69 9 3 1 8 77 21 68 94 23 49 15 82 93 68 19 89 84 41 70 15 11 81 8 31 3 32 13 21 7 77 89 36 28 66 54 38 24 18 37 58 97 95 44 82 41 32 43 1 90 69 35 94 86 93 73 42 89 5 29 94 11 52 40 41 58 52 58 91 51 66 53 98 25 14 35 88 79 36 10 81 80 8 38 79 24 87 79 96 18 59 
3 13 14 99 15 72 76 31 78 48 84 71 6 42 50 22 20 70 26 50 73 67 49 2 43 91 33 59 15 39 38 70 34 72 78 59 57 75 13 15 58 81 27 57 87 7 57 23 32 39 80 70 19 72 30 55 44 72 53 40 55 91 55 1 19 31 92 19 29 2 9 97 46 78 88 35 20 39 84 56 70 15 73 79 21 33 0 57 54 43 24 78 42 2 45 68 22 15 19 82 88 95 58 28 44 39 41 34 63 58 48 48 13 62 32 65 62 25 7 46 65 78 74 65 27 18 75 82 
43 4 65 47 24 64 92 38 2 27 61 1 3 37 59 57 51 1 95 64 13 83 32 3 72 87 66 96 95 18 5 79 62 30 8 77 7 42 30 69 60 40 22 77 39 30 64 67 27 13 57 95 83 91 67 80 19 64 34 93 49 35 83 22 95 5 35 44 68 92 68 12 65 25 8 95 6 65 95 15 41 90 33 39 99 5 9 72 78 74 0 19 84 24 41 19 84 8 94 0 76 10 68 54 38 20 10 79 5 78 76 9 81 13 18 57 56 87 33 12 37 16 81 57 32 39 24 64 
88 90 43 97 23 34 43 24 26 90 38 37 85 57 28 58 38 68 43 99 34 58 10 37 93 98 63 55 15 5 11 18 1 69 7 47 46 64 86 33 93 61 96 28 8 75 98 53 90 12 44 34 28 37 17 99 62 67 94 23 17 31 58 95 63 84 95 41 50 64 12 37 50 51 17 83 15 46 56 84 5 16 93 41 60 41 48 17 98 30 97 44 88 75 89 33 39 20 38 93 1 69 84 11 52 65 45 31 84 19 34 97 62 27 32 19 70 38 37 4 81 73 35 88 25 26 76 64 
94 89 80 65 55 39 66 14 24 73 32 51 63 38 92 86 12 45 83 99 69 60 53 22 91 67 76 24 97 32 45 12 96 1 57 62 21 53 10 27 28 6 56 3 38 37 27 75 14 98 48 74 79 25 41 94 18 37 33 7 71 38 21 87 25 51 55 76 16 80 66 14 31 37 54 55 47 60 88 6 85 69 14 4 24 55 95 30 6 61 50 8 77 26 15 36 78 13 3 64 82 27 99 73 61 51 47 85 54 8 7 79 39 76 77 12 82 98 43 6 10 12 45 96 15 22 17 61 
15 63 22 19 27 95 41 8 99 55 61 1 58 14 18 76 5 50 22 10 44 75 60 36 91 92 2 69 77 65 35 88 29 69 4 86 44 27 32 53 40 85 7 17 91 66 44 87 86 27 94 58 22 80 54 57 56 42 52 43 46 63 11 32 90 0 94 79 88 14 14 54 98 70 15 15 66 20 13 96 7 17 53 33 24 37 19 63 46 31 27 68 37 77 6 39 11 73 50 41 15 96 28 16 28 11 29 91 91 16 47 64 9 34 93 34 29 8 63 89 50 13 69 23 86 37 39 41 
19 93 21 80 61 14 68 32 93 66 43 61 91 13 98 72 29 16 0 83 90 51 0 73 61 30 86 17 73 98 50 19 22 72 11 78 77 63 2 40 22 25 65 14 89 54 32 52 5 50 8 13 99 35 24 45 29 14 89 70 84 82 6 57 50 63 23 87 58 50 94 91 41 23 66 37 99 38 28 67 62 23 23 79 25 28 53 62 39 28 12 59 81 92 87 25 88 69 17 92 1 68 17 55 72 97 98 80 61 1 83 62 98 2 38 65 48 97 55 61 77 82 90 25 0 20 65 93 
78 13 84 51 65 44 84 32 56 52 1 65 34 39 23 37 25 7 59 21 25 35 73 25 19 30 34 70 1 31 19 80 97 20 95 88 58 64 74 61 10 95 93 26 65 29 26 26 99 69 32 81 95 7 24 11 88 67 57 41 73 65 88 84 62 30 89 30 68 52 93 79 37 87 19 79 51 31 8 64 22 51 17 11 79 50 18 62 13 16 8 57 25 23 5 38 8 61 87 0 29 12 90 99 72 0 60 95 88 12 26 31 91 48 21 49 67 97 96 84 65 91 45 81 76 90 84 23 
31 63 46 44 67 54 54 84 82 23 31 28 25 0 31 46 14 25 87 44 4 14 79 13 36 80 65 10 55 73 84 36 67 76 67 78 75 81 98 95 5 34 73 66 63 35 88 29 30 44 59 1 38 66 57 31 14 99 33 58 70 76 21 91 31 19 90 7 76 53 81 80 9 71 66 82 67 16 66 12 48 16 63 3 43 80 98 53 48 39 99 81 60 2 96 85 90 55 98 12 64 1 85 40 53 98 81 10 87 75 44 55 99 9 41 18 99 96 5 51 97 78 89 77 32 59 62 66 
81 53 76 10 5 95 27 43 76 71 11 75 86 45 54 1 72 29 9 69 52 60 45 3 31 52 62 82 83 57 86 44 49 26 23 98 69 28 34 65 61 28 72 11 14 89 91 69 75 48 52 47 49 3 40 91 44 82 14 64 30 96 34 22 70 96 73 32 35 9 73 46 72 51 29 15 88 15 80 67 28 61 71 42 79 45 81 1 60 52 57 24 38 78 7 72 20 49 79 92 53 69 62 70 90 67 68 55 0 86 18 84 10 66 21 60 19 65 85 60 7 62 77 44 79 42 19 52 
18 0 4 0 11 77 56 7 16 83 78 41 5 87 5 26 23 94 61 5 7 5 73 41 73 78 10 17 73 25 72 64 47 8 55 46 52 77 31 7 13 15 15 86 11 70 97 78 81 70 49 66 23 50 7 25 7 81 62 34 36 20 82 98 15 20 5 26 60 86 34 89 48 3 45 35 54 65 15 81 10 6 3 28 38 20 54 24 87 48 35 96 74 13 18 75 28 30 38 81 59 10 32 73 25 96 38 76 87 55 88 70 75 96 9 67 95 43 5 5 85 17 41 64 20 22 61 1 
45 55 51 70 68 52 99 63 50 7 86 66 83 40 64 72 51 50 45 42 68 8 44 29 9 98 36 91 34 35 35 80 22 34 24 14 32 72 28 20 35 39 68 93 42 76 65 89 56 4 41 57 16 17 2 23 87 24 72 16 46 70 5 53 49 79 56 29 86 28 49 39 82 46 34 21 80 95 11 72 66 1 55 64 59 82 6 71 18 26 20 89 96 83 31 45 39 48 15 6 79 29 47 50 22 16 39 40 34 79 65 11 69 43 10 21 24 43 21 58 5 99 49 50 60 45 1 77 
12 0 4 74 68 69 98 48 48 39 26 99 21 81 8 88 60 68 68 52 5 5 59 71 49 41 68 97 23 11 37 34 38 15 12 86 82 6 19 64 49 93 36 57 77 90 23 49 26 52 25 14 84 11 44 17 25 85 22 32 74 60 36 46 20 67 63 2 83 24 1 98 65 89 20 23 67 64 14 0 27 56 50 84 57 87 13 43 1 24 61 96 45 19 51 49 73 43 33 46 0 6 57 88 15 86 43 16 6 5 33 18 77 61 39 86 2 61 53 98 45 61 36 42 57 83 43 91 
68 58 53 5 28 87 47 47 73 80 36 49 4 70 79 1 39 23 88 45 78 51 72 31 34 27 51 38 11 12 15 99 50 56 20 92 3 75 22 20 8 36 52 28 26 60 42 74 2 37 90 3 29 87 96 54 61 54 38 83 62 97 35 87 13 37 13 94 97 97 51 62 95 64 82 19 94 48 0 43 5 64 89 5 29 93 69 14 30 31 43 98 56 5 3 13 9 9 75 41 60 97 61 75 92 59 53 87 1 26 48 14 39 80 26 68 60 89 75 72 12 53 58 52 82 44 68 31 
91 40 68 46 54 54 20 54 3 34 59 23 6 17 2 16 53 42 28 53 46 34 88 6 4 65 68 37 77 1 72 66 66 34 90 86 54 8 55 6 40 33 37 31 71 97 51 84 96 36 31 29 11 28 60 54 35 6 77 65 94 41 21 90 67 76 65 43 86 12 50 72 45 96 74 73 82 39 64 23 18 52 11 0 75 79 6 76 50 64 94 86 56 80 23 35 57 90 57 73 25 51 82 17 43 49 94 12 71 6 32 51 45 3 38 28 26 92 76 62 96 19 7 15 83 24 19 98 
55 91 64 88 73 68 45 91 43 48 86 12 91 81 47 17 55 70 77 29 26 64 0 16 82 23 96 87 6 23 79 64 1 52 2 43 72 66 24 73 72 24 1 60 75 6 42 27 9 20 91 26 24 75 8 14 12 4 97 90 40 28 2 63 33 42 0 26 38 89 10 58 81 13 10 4 10 30 75 31 57 43 51 74 34 75 54 90 67 56 20 62 75 26 94 63 86 64 71 78 9 37 35 84 79 93 18 22 14 75 87 30 33 68 14 79 26 37 88 81 33 26 33 57 30 81 35 73 
54 98 14 96 11 2 41 68 31 16 46 73 7 6 82 79 37 82 21 81 11 16 99 86 56 39 39 47 96 71 81 4 12 83 92 30 97 74 30 10 33 32 47 95 72 39 52 80 68 77 72 65 11 36 71 17 38 57 46 75 25 73 44 80 41 66 42 60 11 56 85 28 53 37 38 33 25 84 3 19 9 40 3 89 56 83 64 97 90 73 9 47 63 70 5 84 44 31 6 99 26 76 79 55 34 11 2 27 21 53 28 66 14 26 89 76 59 63 26 74 22 11 38 3 30 9 66 82 
25 21 73 35 73 32 61 65 18 28 14 24 1 12 98 2 75 55 23 75 70 65 6 9 31 18 82 16 56 90 34 53 18 14 12 42 62 71 74 41 34 33 45 71 69 64 8 47 62 89 32 55 74 90 94 90 29 6 54 83 49 19 13 57 92 56 8 32 81 81 99 44 70 21 42 57 78 44 99 32 41 23 27 15 44 25 59 31 20 47 18 60 30 97 69 15 0 97 82 0 3 35 25 75 88 23 45 5 77 54 74 95 34 39 87 81 17 68 74 43 81 75 40 67 64 12 38 1 
15 2 15 90 57 82 70 60 95 45 89 15 56 82 89 13 11 97 57 19 71 98 31 98 98 57 15 40 87 57 58 44 41 52 23 45 77 70 74 46 74 98 17 39 24 85 47 41 98 58 2 35 35 97 3 46 49 73 64 93 20 32 67 40 95 38 12 65 20 99 6 69 11 69 88 53 16 32 55 22 19 99 55 6 47 83 30 17 80 83 87 52 94 24 73 33 28 59 47 9 47 20 64 20 15 54 21 50 15 67 37 90 53 40 69 26 72 71 22 52 61 30 55 43 91 82 87 30 
94 52 20 54 60 91 50 28 48 71 23 7 45 82 23 45 76 2 1 7 61 25 85 72 75 8 52 57 55 99 11 44 81 54 92 8 27 15 88 99 0 76 62 6 37 30 90 24 86 34 19 34 41 31 65 99 71 23 25 24 46 31 12 33 71 73 64 42 96 20 53 25 59 55 0 11 61 12 14 41 25 4 12 32 50 12 38 75 82 7 9 98 92 56 53 77 37 59 40 20 27 90 21 94 28 54 54 7 39 53 37 14 74 58 97 27 53 95 60 25 66 70 48 45 83 91 59 67 
1 10 0 24 19 90 9 95 97 6 21 28 21 66 96 97 41 88 72 72 8 26 57 61 90 20 54 31 84 26 83 35 94 32 19 65 89 81 26 41 57 57 77 90 66 92 53 14 53 68 16 52 42 8 1 46 48 35 92 8 55 81 30 17 83 63 61 41 95 15 91 80 71 90 9 45 55 93 99 21 10 37 2 84 23 4 91 66 95 43 69 25 41 62 95 18 29 53 16 36 80 92 38 79 64 0 83 6 28 24 3 85 88 85 2 26 67 99 92 65 35 48 32 83 3 99 96 17 
16 5 15 78 34 52 70 44 3 63 62 34 17 20 74 41 85 38 93 6 34 67 95 68 23 48 66 27 25 24 2 75 67 85 56 18 45 77 61 3 15 1 44 37 36 80 50 33 26 85 48 54 69 14 27 7 55 14 87 71 45 21 97 28 39 29 34 77 67 30 91 89 72 61 60 63 0 63 36 90 46 89 12 96 81 93 90 52 51 94 11 46 1 25 35 54 41 8 11 60 10 57 73 35 55 26 72 28 14 51 62 97 34 48 46 14 48 5 93 0 54 91 12 11 0 55 31 33 
97 60 48 98 15 48 21 1 26 66 89 54 22 54 98 17 83 68 5 45 93 35 22 23 56 78 75 77 77 30 59 16 1 1 27 25 67 10 63 0 34 77 2 89 5 52 44 91 25 33 58 85 72 52 42 93 82 92 47 36 48 24 67 21 81 38 95 15 57 77 51 5 80 67 72 38 77 13 87 28 49 94 30 54 27 76 75 77 92 35 83 62 20 47 95 86 37 48 22 67 85 28 69 46 98 75 76 75 15 88 95 62 62 35 73 51 46 72 47 72 80 82 46 14 66 78 51 77 
83 10 88 41 95 23 82 69 36 0 49 38 31 35 28 66 56 32 16 51 60 23 7 9 72 99 0 13 43 50 40 47 99 26 68 29 27 22 8 29 12 72 95 2 99 26 66 19 47 4 92 3 86 5 20 41 65 35 29 63 67 15 30 59 98 77 8 85 76 78 57 88 18 46 39 59 92 76 69 9 55 97 0 89 43 71 86 12 23 68 73 93 22 21 47 35 19 12 83 97 7 32 81 87 39 51 95 66 90 86 59 52 45 28 6 81 53 75 86 30 93 34 84 63 30 86 5 96 
79 35 63 45 89 90 88 2 93 20 53 60 25 66 46 33 59 25 71 52 0 94 28 78 37 20 58 20 44 83 9 79 83 60 87 59 52 94 73 90 45 17 55 32 28 0 22 62 19 48 74 37 73 50 7 37 76 84 20 36 1 80 27 17 22 24 73 0 17 91 66 31 95 66 34 82 61 63 62 11 46 85 47 1 7 95 99 58 45 44 38 54 5 22 36 67 73 90 74 24 66 72 1 46 52 77 79 29 46 16 61 86 54 85 64 47 31 91 48 54 29 36 56 82 34 18 99 90 
54 0 71 56 11 98 63 48 26 31 68 63 25 27 48 35 9 20 40 65 76 77 56 76 75 26 28 26 99 69 64 33 72 83 82 63 98 99 32 65 2 72 41 28 62 84 54 56 86 7 30 83 5 66 36 21 44 66 35 43 39 82 3 13 43 75 64 88 27 6 42 72 44 55 45 46 45 95 23 99 36 37 91 92 74 57 30 47 60 29 60 76 22 55 97 60 58 29 2 50 58 32 23 56 28 9 2 22 12 81 27 40 81 27 19 52 58 18 75 48 27 9 89 48 78 10 28 66 
34 29 16 17 75 93 87 53 20 20 11 15 83 37 21 68 6 84 17 97 85 30 55 24 27 97 95 7 27 29 99 84 93 79 58 26 56 62 59 78 4 56 11 70 73 38 2 74 98 82 47 35 61 45 0 51 34 52 61 76 20 49 10 21 44 53 72 12 46 10 19 13 14 36 64 15 49 51 90 41 41 64 8 13 60 87 75 86 60 11 65 44 52 58 49 73 49 92 22 89 51 14 89 69 10 97 16 90 23 63 85 49 95 15 92 21 13 1 59 83 63 27 3 53 19 91 39 13 
3 29 94 99 60 51 76 70 74 81 50 97 57 81 8 77 10 28 23 47 92 0 47 39 17 86 69 95 77 52 39 0 94 86 32 67 81 29 14 59 73 79 51 78 67 0 35 81 85 31 3 0 21 33 57 4 6 57 2 33 32 98 42 58 38 19 80 84 90 19 82 82 71 67 65 90 75 10 95 79 0 21 33 99 68 54 11 90 11 49 40 86 44 45 18 1 66 70 76 56 73 99 19 71 40 86 23 37 41 51 32 14 77 26 43 4 8 66 29 32 12 5 49 34 66 33 61 74 
31 96 37 74 34 14 50 39 41 25 46 62 5 54 76 96 28 93 63 15 10 25 27 72 2 4 34 67 52 64 12 69 43 94 94 23 13 90 54 99 93 81 63 66 13 99 32 41 66 75 97 88 81 81 62 24 38 12 45 14 63 49 67 50 40 2 60 73 76 15 13 48 63 7 99 57 4 23 79 78 5 6 87 54 77 57 95 34 15 72 86 37 33 86 91 17 17 74 30 68 12 57 96 70 70 10 80 62 55 86 44 6 23 6 53 44 51 41 70 29 72 30 48 65 14 80 57 44 
77 20 32 87 43 23 74 89 78 96 38 75 73 55 22 10 18 48 48 51 63 29 26 58 10 80 60 57 1 36 90 40 95 13 95 69 55 7 12 90 46 27 99 13 30 82 78 22 75 28 29 65 47 32 87 50 91 95 46 8 92 35 19 32 89 74 5 99 7 65 31 83 35 42 38 89 10 32 85 22 8 8 41 91 0 27 15 33 73 29 40 44 50 64 21 56 4 77 33 1 88 79 29 1 91 5 15 1 43 44 66 55 93 98 58 41 83 48 7 64 56 71 88 81 7 59 58 43 
58 12 22 69 66 22 25 28 0 74 58 25 34 50 32 35 89 86 92 99 87 26 40 83 32 25 44 36 73 3 12 46 46 9 8 76 22 33 76 76 43 43 16 82 16 57 4 87 81 76 89 75 91 52 18 94 9 95 98 84 2 19 16 95 69 81 53 87 92 80 46 0 97 13 81 63 72 16 65 3 41 78 35 27 89 12 9 29 98 40 8 5 39 33 60 79 48 32 78 94 81 27 76 18 10 27 60 21 2 33 62 10 65 23 44 25 80 60 58 77 89 4 32 21 22 9 62 90 
93 34 52 96 77 56 71 83 21 64 36 20 39 74 49 64 22 3 16 16 28 51 1 51 27 99 78 29 92 11 71 11 51 89 70 96 3 23 10 69 80 98 55 85 89 85 78 47 99 18 18 69 33 6 13 83 66 9 95 44 91 41 63 74 88 86 47 64 25 33 27 43 3 31 11 36 61 97 19 21 81 48 7 21 26 82 31 78 37 41 43 62 74 83 28 98 33 73 5 61 37 6 12 18 89 33 44 19 51 52 14 51 31 59 46 86 29 80 29 23 37 80 62 51 38 25 6 90 
54 47 82 58 82 2 39 87 54 18 13 11 24 49 3 37 8 67 81 18 2 51 8 37 24 44 33 34 15 77 43 7 66 20 58 96 14 59 68 20 85 95 24 42 53 91 64 18 48 37 61 90 30 51 2 43 91 74 18 62 25 13 91 46 86 97 44 40 78 18 40 50 65 56 13 1 95 52 88 2 29 24 13 61 59 38 77 74 45 72 67 68 18 77 96 87 27 44 79 4 63 72 88 8 58 83 47 62 55 5 4 35 83 25 52 71 89 58 92 61 11 63 33 33 20 56 28 38 
50 90 24 67 42 48 45 50 88 6 5 77 12 42 88 83 56 8 79 79 78 88 32 59 93 82 41 26 92 25 2 47 25 33 26 73 92 44 18 94 0 83 50 62 33 36 18 40 57 55 3 82 3 40 78 6 94 64 49 11 25 7 23 27 26 96 46 51 9 17 7 61 7 79 58 61 31 84 82 51 47 85 71 66 2 18 59 83 88 82 83 22 72 37 30 9 63 50 9 60 10 69 11 73 33 5 75 33 20 7 8 38 87 16 87 4 62 53 7 25 44 65 25 77 69 26 64 64 
6 80 95 16 31 27 29 69 94 67 73 11 44 70 27 4 92 93 55 33 82 18 4 9 74 67 61 51 77 71 35 43 14 56 1 27 3 43 96 94 81 94 63 77 94 38 98 73 3 11 31 39 27 61 96 92 17 35 73 76 76 27 9 54 95 64 26 66 88 82 14 13 37 24 42 66 8 48 12 3 81 94 53 54 13 40 74 47 29 21 83 98 76 62 28 6 36 85 58 18 2 57 77 27 69 15 0 30 52 5 86 4 81 11 2 76 44 38 21 44 31 1 31 0 91 52 39 77 
5 28 81 16 58 70 17 44 46 83 41 58 90 93 29 78 50 73 42 28 41 31 34 86 70 23 75 86 98 96 71 71 27 10 54 35 43 3 8 92 76 82 28 60 22 90 46 10 26 69 10 78 26 15 60 7 38 85 64 97 41 87 24 53 87 61 21 14 13 79 52 58 95 19 1 70 77 67 52 36 63 10 57 85 32 11 82 13 26 71 61 4 47 69 9 79 45 99 97 79 66 64 32 7 93 14 39 33 94 46 57 61 72 3 9 36 90 65 7 2 88 45 88 11 56 37 95 82 
39 6 10 80 0 74 27 86 25 50 28 91 79 68 39 54 97 30 61 88 80 31 49 26 67 92 53 72 6 48 79 66 26 59 60 39 67 96 6 49 31 26 87 83 70 80 65 49 75 59 71 18 25 29 94 56 48 56 64 91 24 58 91 86 5 59 1 16 6 32 6 13 37 58 87 14 48 41 39 18 39 81 16 48 79 88 23 98 15 66 31 74 74 2 61 36 40 5 78 27 38 86 87 46 86 6 5 4 77 30 87 34 28 77 86 34 52 99 99 10 69 4 81 90 23 86 88 70 
86 94 75 58 69 41 22 52 24 67 97 81 50 17 8 9 99 47 3 62 53 52 75 75 7 56 28 91 55 81 93 32 2 99 75 73 27 83 78 21 51 47 81 36 4 40 48 36 70 26 29 73 78 37 12 39 80 84 84 29 37 53 35 62 97 52 43 97 47 12 16 72 98 58 0 99 1 87 10 45 4 28 5 67 92 20 62 21 1 76 82 93 20 33 42 79 39 47 44 32 25 88 25 4 59 14 77 45 54 29 0 14 57 54 95 8 9 37 48 6 19 65 16 72 79 21 76 69 
96 67 59 70 97 76 91 29 86 64 49 97 64 80 63 48 27 94 85 24 95 47 1 72 40 20 57 28 30 47 79 49 99 31 57 61 25 73 0 46 51 48 84 28 0 92 19 60 64 80 36 96 96 24 5 10 4 5 59 79 94 19 99 47 54 77 9 8 75 78 35 49 40 74 20 22 36 97 65 69 94 56 62 2 46 31 5 18 61 60 25 57 73 5 25 49 44 51 8 24 50 85 53 72 93 63 40 41 97 6 1 25 42 32 96 63 21 98 85 85 38 94 42 36 60 50 67 24 
56 65 56 83 84 41 25 40 71 50 16 43 50 82 4 34 37 58 72 71 67 33 41 38 43 75 44 27 39 40 88 42 54 23 85 84 31 80 31 40 14 97 91 56 62 21 32 83 22 98 87 49 27 69 95 54 8 44 43 24 83 59 83 17 62 36 15 70 64 43 66 58 37 67 75 14 59 36 17 62 81 1 22 68 70 29 29 44 36 31 0 26 45 70 1 71 68 65 32 34 30 51 13 19 25 18 76 42 65 75 50 83 50 49 10 63 99 30 51 71 68 1 54 25 75 58 97 72 
62 13 63 66 42 79 46 96 63 87 48 13 88 43 20 9 19 91 99 20 39 26 89 72 4 66 68 38 25 39 29 13 18 3 25 71 13 40 25 39 91 14 86 79 47 38 54 62 66 79 3 67 43 87 72 47 60 75 86 43 46 45 41 1 10 5 71 47 23 73 49 70 14 61 7 13 22 43 16 25 30 14 36 47 64 54 58 0 1 59 91 69 83 8 68 14 44 72 51 72 0 90 93 97 33 9 31 3 26 39 34 20 34 70 68 94 32 37 71 73 59 10 83 34 66 87 94 96 
64 79 25 42 65 22 72 87 23 64 48 55 54 76 53 63 73 92 46 17 37 18 65 17 45 19 40 87 33 33 35 44 72 15 28 57 86 34 46 76 7 98 93 89 77 97 33 65 88 29 76 39 0 81 6 17 1 92 92 17 32 97 86 2 2 73 20 58 40 78 81 26 90 72 60 98 39 51 36 83 9 17 70 24 78 86 66 58 12 21 43 96 27 29 79 61 35 95 37 18 77 21 62 86 56 8 46 49 62 1 87 33 59 22 28 11 2 76 45 72 63 70 23 35 80 10 96 22 
84 43 1 26 59 26 97 77 78 20 92 88 43 65 85 52 70 52 35 71 72 69 14 77 22 57 66 93 11 65 87 52 26 16 83 63 56 1 19 65 23 98 77 86 90 1 58 33 44 74 94 94 18 40 56 68 27 37 30 89 35 86 2 85 67 48 69 6 22 41 26 7 61 75 12 10 78 26 53 94 1 19 85 89 18 97 25 29 23 25 30 11 3 26 2 70 79 28 90 50 59 72 11 18 29 17 29 35 73 49 82 18 13 49 52 77 89 78 76 55 71 72 33 20 21 80 45 50 
33 62 11 22 45 68 5 56 11 23 90 52 11 31 24 77 87 61 76 11 94 69 25 5 46 60 72 64 98 3 39 62 64 71 36 35 55 44 82 22 27 18 47 88 99 44 67 59 33 90 68 88 83 92 99 22 56 26 27 45 72 32 36 97 48 30 23 97 60 3 18 15 25 53 54 30 22 2 92 21 32 0 17 77 73 76 21 50 11 58 12 63 60 14 91 97 99 21 13 32 16 87 10 70 5 38 60 39 37 26 84 67 77 91 73 85 94 81 54 97 25 42 67 44 11 24 66 50 
81 79 54 38 48 70 69 18 31 70 30 79 39 30 3 9 96 53 23 38 21 95 29 40 75 17 12 69 36 2 58 49 27 65 35 45 65 95 30 3 75 49 12 36 92 82 65 22 70 72 69 47 29 95 17 26 57 37 80 93 69 8 70 84 83 10 26 35 24 80 15 52 82 74 38 67 5 66 93 90 37 88 26 58 35 54 0 83 37 28 83 40 22 13 23 41 64 27 55 95 95 63 10 21 86 58 8 85 53 39 7 7 9 21 77 59 83 46 66 24 18 31 30 8 62 69 21 6 
75 76 17 84 61 14 2 54 95 88 10 97 28 2 83 68 38 73 27 76 42 69 72 28 61 19 71 85 14 64 49 66 94 17 42 38 38 97 90 15 70 42 50 80 41 50 63 73 67 80 78 38 66 12 73 44 26 6 32 76 50 84 28 37 28 82 34 32 49 90 92 76 20 98 22 62 29 47 10 13 40 30 29 65 75 74 53 5 91 18 59 69 2 52 87 9 47 16 86 79 38 86 87 51 36 27 4 97 55 94 64 44 87 91 50 71 56 67 21 65 87 74 29 51 1 69 44 69 
9 68 85 88 29 62 84 53 79 11 21 62 27 66 35 97 4 2 12 23 18 82 51 49 79 27 20 43 89 6 3 47 74 23 55 87 68 23 62 80 69 88 83 90 18 34 36 96 64 92 13 78 47 2 21 63 50 23 96 68 82 83 4 43 72 90 24 76 76 37 90 24 2 25 24 63 80 29 78 97 83 18 6 29 75 61 26 50 56 75 14 39 49 85 60 54 50 84 96 51 9 76 81 42 67 8 36 90 85 28 85 80 37 34 85 94 39 59 38 79 38 14 16 77 34 35 53 10 
35 24 63 17 26 48 58 27 51 73 81 46 70 69 25 65 16 95 60 98 3 79 34 16 95 63 92 12 18 81 13 78 73 90 83 31 46 0 48 81 19 83 77 8 66 7 77 18 34 56 69 46 18 88 29 81 82 27 85 30 6 18 44 36 70 64 25 88 30 65 58 90 24 44 91 14 25 69 15 83 25 39 37 98 24 2 68 84 0 38 18 78 39 27 48 65 87 23 8 67 85 23 6 45 53 77 2 19 30 65 83 23 0 91 38 55 21 22 58 56 64 76 60 14 92 76 87 89 
70 65 1 55 66 57 18 8 19 9 27 45 21 41 23 19 30 29 19 46 8 63 80 23 39 38 76 6 80 14 31 36 18 67 61 79 64 20 72 66 22 80 63 75 63 52 3 24 38 26 26 38 32 11 3 75 64 68 52 2 96 91 50 58 14 62 79 53 8 73 82 57 59 7 32 26 24 87 33 77 26 97 16 49 61 60 15 9 84 47 85 31 30 24 53 71 2 63 45 23 93 55 30 78 38 35 49 12 7 50 35 87 16 53 5 56 54 84 11 66 70 54 69 81 62 63 98 63 
63 17 59 95 89 31 21 65 84 59 30 10 74 72 91 37 32 6 68 29 18 28 74 25 17 9 2 50 64 0 34 29 56 50 27 57 9 23 87 59 95 15 2 84 92 66 22 5 34 66 88 6 27 4 52 51 1 77 58 58 81 37 17 95 30 75 26 2 95 6 25 22 0 94 59 43 83 48 79 65 71 74 35 5 63 20 13 80 78 61 4 61 34 82 7 63 67 82 59 13 58 31 97 66 39 75 44 91 88 96 85 55 60 95 10 93 58 31 50 38 71 91 45 68 34 95 97 16 
9 0 19 59 37 10 72 51 82 60 17 93 44 45 9 14 64 75 90 92 23 36 32 8 23 77 41 99 59 81 6 16 21 94 21 10 11 34 14 2 97 56 64 80 14 54 87 61 47 59 15 57 69 12 70 63 52 98 12 86 12 36 14 59 49 1 16 54 26 55 17 2 86 78 73 12 54 12 84 19 75 4 72 97 45 7 58 5 2 6 1 99 62 11 66 11 43 81 0 3 94 30 44 65 25 86 78 42 94 77 14 37 40 65 40 5 24 38 84 16 29 64 7 94 53 35 97 59 
7 27 94 29 74 13 76 60 67 73 69 69 34 14 87 71 19 49 31 36 31 93 67 46 71 41 22 40 96 50 59 4 29 30 69 36 98 45 75 15 46 98 32 94 86 27 97 62 25 17 12 53 19 77 67 31 77 56 95 79 96 67 97 60 7 73 99 71 23 12 96 43 73 9 17 15 15 1 40 68 83 42 18 29 55 18 98 77 18 39 19 8 78 19 35 56 59 14 16 24 3 56 58 52 53 59 9 50 23 8 89 43 26 43 61 66 48 36 21 44 19 81 81 62 83 66 30 45 
60 73 81 79 51 31 42 56 53 81 83 49 98 72 59 85 45 48 28 45 4 15 40 33 88 36 67 40 12 68 83 15 62 48 43 50 95 14 36 66 78 67 98 38 1 78 83 86 46 33 12 0 72 67 36 89 53 99 5 39 90 30 17 83 77 27 31 49 25 38 89 57 41 60 50 4 7 55 83 17 71 87 16 11 26 95 99 95 25 87 37 72 73 93 10 98 60 5 98 86 35 82 5 5 19 49 54 93 5 32 29 89 88 78 0 18 24 11 0 95 76 32 71 78 32 91 58 62 
84 33 94 51 60 65 35 72 94 56 57 0 4 82 19 32 10 37 16 30 79 66 41 93 75 83 75 84 14 35 53 80 18 18 25 30 84 31 57 81 35 67 41 19 23 59 55 37 93 76 89 84 12 13 52 82 92 15 32 93 90 11 4 93 40 59 58 24 18 41 24 14 82 6 21 30 57 39 95 82 17 49 15 54 79 26 0 67 19 2 51 22 79 47 49 84 23 26 71 2 45 33 49 79 56 76 2 49 16 16 77 29 69 27 73 40 20 0 8 6 13 82 54 61 99 64 90 31 
77 44 39 70 64 79 36 54 83 42 19 24 48 65 76 40 82 48 87 85 71 93 12 29 39 8 27 2 37 83 44 85 41 57 97 90 47 73 92 82 97 31 76 90 13 99 91 46 67 76 50 24 85 64 4 28 61 8 14 24 3 98 16 19 54 55 1 89 62 80 54 44 18 96 29 36 29 47 40 60 2 42 83 74 94 39 1 68 65 50 18 7 1 99 46 67 37 45 39 88 22 4 98 47 78 86 92 74 33 9 85 89 1 71 37 23 90 32 11 25 38 96 64 99 84 53 36 97 
0 71 94 95 82 10 75 32 83 87 42 69 97 54 92 31 71 72 91 67 3 96 89 97 48 39 24 10 26 60 86 98 66 83 43 30 46 2 9 69 1 34 83 87 58 94 20 1 37 93 27 17 66 63 59 38 25 45 48 5 6 99 78 20 5 33 62 1 91 42 52 75 33 25 66 81 82 80 94 94 61 69 90 11 25 59 87 48 54 39 28 6 72 70 76 26 5 86 44 92 42 77 75 99 91 24 87 40 8 6 68 80 15 36 39 96 45 79 13 33 6 21 87 21 56 19 67 20 
29 2 75 0 83 43 46 75 15 63 65 8 4 12 12 99 14 18 35 45 47 76 72 79 39 64 96 19 69 25 10 52 37 83 52 47 28 57 26 90 49 27 3 3 82 22 48 42 59 54 27 94 2 94 29 82 44 16 31 35 28 76 65 94 32 49 57 33 17 37 79 39 68 11 7 6 20 15 65 14 85 50 88 69 40 22 98 77 94 74 22 5 25 90 4 10 19 42 7 59 90 44 80 44 63 4 36 15 53 11 31 93 65 23 55 17 37 8 61 53 22 8 26 80 24 0 44 25 
79 23 48 19 32 97 16 85 73 35 82 97 10 74 67 66 44 57 65 63 79 27 1 87 90 54 28 50 5 94 92 77 32 94 75 49 64 66 50 57 11 14 84 56 37 2 45 23 55 53 24 3 53 98 7 54 89 10 40 23 94 57 63 51 15 89 21 2 11 52 59 37 3 78 41 27 58 33 64 89 68 84 11 74 73 72 33 24 50 98 84 16 18 37 12 70 69 55 11 28 39 31 45 60 96 65 94 89 86 33 62 0 52 24 35 31 36 78 31 54 95 43 16 44 89 19 71 25 
59 48 20 51 89 69 26 81 22 0 17 0 91 62 30 58 19 7 53 44 49 28 61 68 36 6 71 23 71 13 13 10 1 65 86 66 1 10 56 17 55 47 38 16 40 7 54 27 3 18 13 39 35 37 51 22 24 78 29 17 99 82 43 42 29 1 77 1 52 5 79 79 96 12 65 31 94 86 48 99 61 74 85 17 0 87 64 81 66 51 72 63 87 16 36 14 43 63 66 88 23 35 35 96 95 22 88 30 20 20 23 26 95 80 12 22 33 12 20 91 10 76 71 11 84 22 22 34 
71 67 73 18 94 49 98 61 93 91 49 66 48 13 38 96 16 25 1 69 37 62 57 48 26 16 40 83 37 43 74 70 52 97 32 75 55 80 24 25 43 43 75 55 21 48 5 24 21 25 2 65 32 31 20 22 61 11 23 93 67 49 23 67 3 59 88 61 45 33 20 5 46 57 93 75 14 53 15 54 52 96 73 54 29 70 78 25 44 50 0 76 49 24 64 85 23 66 83 44 83 90 88 64 95 90 81 95 22 53 36 9 15 81 14 8 76 12 34 72 82 36 85 78 4 22 41 15 
38 63 18 73 27 5 99 55 76 13 13 38 9 83 61 28 22 21 61 12 69 88 96 98 14 42 64 81 76 93 97 69 64 13 53 39 45 20 11 48 77 41 95 72 56 33 36 51 82 64 93 26 9 73 6 82 44 37 10 75 36 62 72 25 66 4 40 75 64 42 12 6 3 26 96 40 6 8 85 40 26 35 63 76 66 18 64 47 6 39 42 74 29 5 79 75 9 83 11 7 8 69 57 4 78 69 28 21 60 4 25 76 36 15 90 91 81 84 8 55 30 48 62 19 71 49 32 90 
9 52 31 61 60 31 89 91 81 60 95 37 96 62 25 15 49 19 67 28 33 20 32 82 9 14 85 93 49 81 33 56 66 63 9 86 37 40 61 39 12 25 56 11 92 65 31 72 71 95 4 11 58 17 89 79 27 48 94 57 16 30 63 17 27 77 76 49 41 60 12 97 46 51 23 59 30 66 5 68 69 55 90 22 49 33 21 45 33 56 83 14 90 18 46 9 57 57 48 86 82 33 8 20 61 63 69 72 84 89 46 73 41 6 46 25 54 77 50 59 51 5 46 51 60 98 18 46 
31 59 19 95 28 52 22 11 44 5 56 90 20 41 12 40 65 31 38 30 73 52 95 39 23 37 84 23 45 17 73 19 35 96 97 21 16 22 43 46 20 83 35 85 83 47 20 15 98 75 55 62 75 37 23 62 85 20 65 40 55 26 72 60 56 64 62 38 92 94 84 50 98 96 63 24 20 30 16 88 95 80 94 70 91 21 2 52 47 49 69 79 83 49 68 13 21 99 34 12 3 62 58 94 98 42 70 35 83 99 17 51 46 17 24 60 70 83 20 90 80 1 59 74 21 57 4 11 
25 60 76 51 35 81 31 10 71 75 9 13 36 48 8 74 99 64 90 30 68 90 57 14 66 42 17 16 95 1 49 27 1 59 54 24 94 14 78 31 37 30 41 84 16 58 18 10 39 96 59 64 82 82 53 86 4 17 78 28 46 34 59 82 89 70 25 61 91 47 80 35 78 77 62 42 48 67 60 73 10 43 34 66 15 55 61 74 25 76 29 25 7 34 43 56 50 52 45 41 85 81 0 66 91 5 91 28 34 39 93 20 18 28 38 75 5 96 21 52 84 19 84 56 82 90 45 93 
45 98 89 81 90 60 18 91 61 89 92 96 76 75 41 89 35 81 98 90 13 95 82 14 86 34 6 86 49 12 9 68 55 94 61 46 39 84 59 27 32 32 81 80 51 60 94 58 45 88 64 20 97 0 33 11 24 55 14 52 16 38 74 36 24 86 17 20 16 64 87 25 87 7 24 71 73 41 19 91 31 25 36 60 9 88 29 56 77 81 33 96 58 47 80 24 32 39 45 82 96 28 83 96 13 38 11 50 49 5 47 35 87 12 72 9 97 89 92 36 61 37 97 51 25 58 34 78 
14 88 34 82 52 61 16 52 97 75 37 33 43 26 40 48 44 87 90 2 82 60 59 79 98 82 77 82 84 6 38 78 87 69 1 73 72 36 47 52 42 95 90 22 0 39 67 51 14 20 11 69 8 89 97 49 7 87 78 9 20 53 41 61 89 19 72 19 10 65 60 67 8 50 14 4 33 45 15 55 2 62 3 7 62 31 4 85 3 12 75 10 64 57 67 45 36 48 86 20 45 51 22 71 62 19 75 21 43 66 73 82 1 7 14 32 64 34 84 60 42 46 3 15 26 78 90 70 
22 84 31 52 65 2 48 2 86 53 97 49 36 76 65 38 40 81 16 92 86 99 66 22 94 23 77 41 22 73 62 19 98 11 82 48 35 70 35 21 30 44 96 15 13 85 12 87 62 19 13 74 38 92 21 71 79 67 52 66 14 91 6 85 83 0 3 57 87 17 32 81 7 28 16 37 44 29 79 73 28 7 31 88 98 52 68 78 57 60 98 30 21 41 59 72 1 76 47 55 67 43 6 41 6 58 2 83 95 10 43 5 17 61 33 38 0 71 13 28 40 0 24 74 47 65 34 11 
66 3 66 95 25 53 99 24 80 3 58 57 14 38 59 9 46 42 83 58 45 11 18 69 90 58 97 50 77 29 37 51 15 0 51 5 9 61 81 76 87 70 76 88 61 51 65 28 71 76 47 44 69 89 68 74 47 19 11 1 62 5 60 46 28 64 74 40 26 1 55 9 17 70 92 67 50 2 18 62 64 50 71 23 8 19 88 82 34 23 65 52 31 32 61 18 81 48 34 39 49 25 4 4 25 95 3 98 31 55 28 77 45 41 39 55 1 58 96 70 1 51 2 90 94 58 76 1 
39 89 22 58 91 59 98 78 59 52 18 37 78 33 7 47 41 61 2 86 43 69 12 44 90 83 58 10 29 45 15 7 35 25 3 23 13 87 51 84 41 83 56 91 49 17 74 44 30 69 8 78 40 62 16 99 45 22 58 53 9 82 84 5 71 24 18 77 22 7 85 40 43 3 56 11 11 21 98 43 51 31 41 9 31 59 49 61 27 95 54 74 1 81 86 39 44 91 42 6 77 24 12 53 72 65 77 7 87 85 27 94 47 75 4 35 3 73 10 81 64 46 56 75 43 78 99 45 
96 12 30 11 33 80 24 20 69 98 76 27 17 89 79 51 19 47 39 42 25 12 80 70 41 22 35 44 58 30 41 95 70 16 47 8 2 84 41 79 24 21 92 79 61 91 23 0 48 7 29 19 31 64 22 56 38 83 60 15 9 88 68 48 59 11 34 37 0 32 48 33 37 15 18 96 95 53 31 91 92 7 96 20 51 88 4 60 20 0 25 31 11 90 99 83 2 4 45 21 90 32 38 79 52 77 56 81 47 82 16 43 6 70 63 28 29 50 52 19 57 94 43 26 72 23 96 22 
32 77 47 58 65 3 87 19 74 9 24 71 13 91 6 33 5 30 49 67 16 70 65 53 18 69 64 55 28 35 59 52 15 56 39 20 90 5 20 7 18 44 25 36 86 80 0 67 75 61 34 97 41 38 69 30 25 35 70 73 10 20 14 77 3 7 52 14 50 48 73 78 34 4 83 7 30 56 34 9 78 58 8 85 43 37 14 13 88 78 60 4 64 48 81 82 23 38 30 31 97 14 93 16 91 75 27 23 20 77 95 25 57 14 38 35 14 76 3 9 34 8 74 88 34 91 85 73 
58 59 15 65 26 43 77 4 28 53 95 5 41 84 95 75 22 77 56 64 3 60 81 80 29 84 16 46 80 15 63 3 6 22 75 52 9 93 22 64 51 37 38 18 53 11 86 72 84 3 64 13 30 96 67 42 33 24 75 63 88 62 84 95 27 14 53 95 21 59 87 84 74 57 71 33 30 1 15 10 95 10 76 35 47 5 62 28 66 67 82 45 37 45 1 37 50 47 24 86 43 44 57 11 14 76 16 1 73 78 15 94 23 42 63 78 24 37 52 99 40 89 64 97 68 16 2 67 
17 16 1 43 60 13 57 76 70 0 62 90 58 49 69 61 21 61 30 99 8 87 33 88 96 47 90 81 60 17 4 74 27 84 74 34 45 86 86 59 1 81 41 56 97 5 78 53 77 73 67 48 43 47 31 37 31 3 95 12 0 22 58 16 94 98 5 40 71 52 16 76 66 99 95 33 16 72 34 42 79 56 48 0 57 2 97 13 9 25 3 81 78 12 25 80 49 68 11 51 79 43 32 0 9 0 47 19 65 82 37 74 24 87 99 94 20 93 38 74 92 93 51 74 14 11 12 92 
95 96 25 30 2 65 37 97 26 32 22 95 97 87 14 12 72 31 57 77 20 94 77 83 6 32 7 46 6 57 52 94 54 23 52 58 61 19 23 39 35 35 93 20 18 61 17 87 58 75 94 57 94 54 80 50 80 82 1 80 34 89 4 29 55 2 54 90 63 88 90 0 25 12 30 14 27 26 53 65 34 93 91 43 87 23 76 0 36 92 66 14 44 76 61 83 74 48 22 94 51 74 91 11 3 87 83 39 8 4 26 56 19 73 37 75 83 82 63 95 79 88 90 51 15 9 40 0 
5 1 53 65 6 47 5 4 73 11 70 54 20 87 15 69 10 31 52 13 41 58 70 37 8 56 23 74 97 56 58 4 86 70 56 37 86 94 68 96 39 46 21 13 88 55 24 16 68 77 7 68 78 52 28 15 80 80 82 92 55 54 13 54 75 97 87 13 71 38 23 71 42 5 34 83 70 17 3 88 33 46 86 30 27 86 29 39 26 34 15 94 19 51 11 65 34 22 77 12 64 34 47 39 30 10 10 79 67 17 46 98 89 72 99 69 57 44 27 35 39 62 4 97 56 40 25 98 
29 13 29 67 24 98 22 49 46 93 76 73 43 46 90 19 26 98 88 16 39 30 6 50 92 35 4 89 49 54 19 84 13 65 98 59 15 2 97 13 93 28 26 97 66 67 36 7 40 13 62 11 69 5 58 85 10 23 1 85 52 88 76 76 8 35 94 29 59 75 93 75 30 71 31 47 64 77 22 82 50 42 61 24 13 64 74 24 11 78 7 53 54 24 94 40 41 83 58 32 89 22 91 93 12 67 54 54 14 98 58 48 62 5 84 13 70 31 1 74 14 36 68 76 36 38 87 54 
41 40 0 22 73 83 8 73 9 52 97 36 7 1 12 5 3 63 31 0 7 86 18 19 93 73 71 23 83 89 94 78 60 33 73 74 56 18 85 71 97 31 32 50 63 83 64 21 6 58 87 17 75 85 15 52 3 93 85 95 73 0 26 73 13 74 27 57 93 12 62 91 71 81 95 58 68 27 53 39 5 87 64 39 37 99 49 85 35 73 20 13 34 6 54 39 94 28 35 56 92 25 67 34 20 91 39 64 26 50 98 1 55 71 21 47 45 0 58 81 73 67 23 11 76 1 30 59 
38 4 89 5 85 4 96 13 57 28 65 5 51 21 61 98 7 30 34 9 41 55 3 63 4 51 91 44 59 18 62 85 32 14 0 61 98 60 74 33 42 95 13 76 11 98 83 60 21 42 95 77 31 88 66 48 37 14 5 38 39 73 12 71 97 60 31 69 75 70 71 96 18 64 46 94 29 83 7 37 83 27 20 2 93 89 36 94 48 94 72 54 73 16 58 92 64 72 59 34 19 89 60 54 74 45 34 75 3 94 9 5 78 94 96 3 74 27 47 16 11 44 47 40 82 84 72 23 
98 30 68 34 41 37 93 69 27 16 77 29 23 10 49 44 96 8 11 11 12 71 26 23 88 15 76 44 74 73 94 93 42 30 21 35 81 32 46 16 2 96 73 78 64 62 5 78 9 69 30 41 72 64 66 98 30 9 55 24 95 38 31 66 49 22 6 42 66 20 94 60 23 33 56 47 1 27 66 98 47 42 4 80 42 62 64 38 91 1 81 68 93 38 72 79 23 18 75 67 8 48 17 62 81 73 30 66 87 26 40 86 56 67 89 8 74 39 71 91 51 41 57 57 68 70 45 43 
1 2 38 73 86 19 99 98 15 25 7 60 13 62 13 18 57 15 32 7 66 11 24 87 10 96 52 80 39 57 46 87 37 8 71 25 95 76 61 70 35 80 64 95 19 8 96 4 12 99 84 79 47 49 37 85 32 14 27 56 33 86 23 58 14 10 22 0 91 47 45 47 43 17 36 41 18 67 69 13 5 58 42 81 63 78 73 46 83 11 42 89 26 36 1 82 94 17 69 82 78 96 43 97 36 29 30 61 22 9 8 90 13 15 52 9 53 52 86 59 35 20 68 92 84 35 7 90 
88 80 45 55 42 74 76 72 83 62 21 86 4 54 73 9 5 65 66 59 2 37 57 46 62 56 16 94 20 25 10 71 99 83 46 27 90 81 59 27 22 7 23 45 76 60 87 67 43 8 44 90 28 75 28 17 90 29 29 23 41 50 79 9 80 73 3 63 47 31 59 53 25 12 39 17 30 41 46 16 22 65 99 30 97 19 2 13 65 13 17 45 35 34 20 17 38 91 70 51 78 19 22 91 72 60 42 65 39 8 16 65 54 51 85 74 87 53 39 33 9 81 23 65 14 47 24 89 
87 34 16 43 16 50 2 10 71 87 8 94 74 85 69 2 2 86 74 87 79 41 86 48 95 14 41 32 49 51 53 91 80 70 35 86 81 17 7 85 59 95 43 21 80 51 36 60 60 7 83 77 36 54 12 22 50 30 37 84 25 54 74 0 27 12 74 13 82 21 12 50 46 75 39 52 65 39 98 87 57 84 15 28 54 25 85 2 7 76 82 68 26 26 77 30 23 81 71 91 32 67 6 5 87 25 60 59 52 20 98 42 13 72 64 39 47 60 89 51 59 72 32 63 54 14 79 88 
78 11 76 88 24 67 51 41 69 98 39 34 67 25 50 56 16 40 28 53 10 3 80 1 98 24 79 76 48 4 1 83 99 24 76 72 8 82 56 19 53 61 39 33 70 63 33 28 41 86 21 55 92 89 44 67 95 93 33 62 74 28 92 41 3 28 14 93 92 11 77 4 9 38 62 53 30 72 55 46 37 78 88 84 56 89 63 42 9 53 16 25 83 47 22 20 20 0 62 72 97 18 83 0 89 79 67 25 99 4 97 69 15 92 96 40 43 5 45 93 12 58 39 8 75 62 36 92 
58 48 5 57 49 54 88 9 50 73 71 45 10 2 69 25 28 20 7 32 71 2 13 63 74 60 98 83 53 57 53 30 68 56 60 47 22 76 78 53 99 78 70 1 84 63 23 28 19 70 97 22 18 50 20 53 34 69 77 20 0 18 88 71 89 1 54 25 13 93 95 59 69 15 79 67 37 61 46 64 12 56 17 37 75 28 57 91 10 92 34 44 88 75 26 11 20 91 94 94 40 51 29 76 95 96 14 85 52 78 84 88 24 42 14 60 44 80 87 56 29 13 27 42 96 49 82 88 
21 5 16 66 51 96 18 21 54 32 5 5 70 66 75 16 97 82 32 48 93 39 93 74 97 73 99 45 77 57 68 96 21 97 48 58 94 96 52 10 55 53 12 52 88 73 58 41 93 77 3 18 60 33 56 30 26 79 85 30 73 48 41 52 21 98 28 82 93 71 26 17 27 57 41 74 37 54 30 42 62 81 43 62 77 98 76 93 80 6 48 32 47 41 12 42 35 32 52 81 67 75 73 51 8 19 42 82 56 29 74 37 81 52 27 76 77 56 16 79 92 40 90 84 49 89 7 34 
74 34 39 47 38 59 99 16 74 51 89 61 33 8 30 61 24 27 95 93 75 54 33 7 18 99 80 39 8 46 63 88 62 39 14 98 65 7 94 35 91 28 42 72 64 48 95 37 88 15 92 57 33 92 29 71 5 6 1 5 75 98 61 32 10 31 84 51 38 22 74 45 68 98 40 93 36 31 99 23 44 61 35 0 63 19 70 11 75 51 69 85 25 6 52 73 96 37 73 69 80 16 58 25 53 81 50 31 85 16 88 28 96 81 55 80 67 97 64 71 34 18 86 62 26 45 79 33 
4 87 35 17 4 1 94 67 42 5 88 66 5 48 40 90 22 31 69 86 43 62 28 50 12 73 47 48 60 69 25 0 87 89 81 92 12 53 44 78 11 13 64 52 72 87 48 16 36 22 38 1 95 98 15 22 14 51 13 0 52 53 40 28 61 47 12 58 61 49 2 29 52 55 19 58 27 97 47 32 78 12 69 17 64 69 48 6 94 81 63 70 79 60 68 51 2 50 50 67 20 32 10 11 54 94 73 49 63 84 98 0 96 11 77 55 27 36 72 40 26 77 87 41 79 26 87 53 
75 10 80 46 65 74 0 3 96 98 41 64 58 62 43 65 39 53 14 38 92 2 75 32 95 2 87 68 69 79 89 39 6 34 54 37 71 36 2 51 57 24 27 59 15 5 85 13 49 58 50 61 93 21 48 17 30 85 47 68 65 91 10 16 43 73 18 54 82 33 96 45 50 75 73 44 73 0 10 28 92 31 30 21 10 32 10 66 1 74 34 75 79 86 49 94 75 21 4 97 13 53 22 62 21 28 24 52 46 46 3 61 9 58 34 53 81 31 57 10 24 77 83 37 39 86 79 63 
3 11 62 25 17 45 99 8 74 2 10 91 58 67 28 96 9 68 47 59 99 77 83 55 45 0 32 68 61 63 40 55 5 5 43 95 77 70 22 81 49 3 95 17 51 51 15 57 84 6 97 46 96 43 9 71 58 69 75 42 54 37 11 93 27 14 28 63 28 49 25 0 16 83 52 29 20 10 80 81 3 67 83 16 52 12 85 32 68 38 7 32 82 20 49 38 72 11 98 68 11 89 40 74 7 52 53 61 43 64 97 10 48 88 80 53 72 19 5 25 85 19 55 53 0 20 39 75 
